Row Labels,Sum of Intensity cont Chlor 1  T14,Sum of Intensity cont Chlor 1  T21,Sum of Intensity cont Chlor 1  T28,Sum of Intensity cont Chlor 1  T35,Sum of Intensity cont Chlor 1  T7
AAATESLLLSMDNNR,0.0,0.0,0.0,0.0,0.0
AAGPVDLTQLLDSSNK,0.0,0.0,0.0,0.0,0.0
AAGPYDLTQLLMHAK,0.0,0.0,0.0,0.0,0.0
AAGVEGALGKEEAQLTDVR,0.0,0.0,0.0,0.0,0.0
AALGAAALSTLVETR,0.0,0.0,0.0,0.0,0.0
AAYSTLMVVESGVVMCLSASK,0.0,0.0,0.0,0.0,0.0
ACPELLQGAVDTSTR,0.0,0.0,0.0,0.0,0.0
ADEVAAYR,0.0,0.0,0.0,0.0,0.0
ADEVASFR,0.0,0.0,0.0,0.0,0.0
ADFFSAR,0.0,0.0,0.0,0.0,0.0
AELVVTLVK,0.0,0.0,0.0,0.0,0.0
AFLSKYPR,0.0,0.0,0.0,0.0,0.0
AGATTVFDK,0.0,0.0,0.0,0.0,0.0
AGDFVTLK,0.0,0.0,0.0,0.0,0.0
AGDLKNFLK,0.0,0.0,0.0,0.0,0.0
AGLLDANR,0.0,0.0,0.0,0.0,0.0
AGVLLDVR,0.0,0.0,0.0,0.0,0.0
AGVVGLEFK,0.0,0.0,0.0,0.0,0.0
AHAETYKTDLTYFDLMLLGK,0.0,0.0,0.0,0.0,0.0
AHSEEANNDLENKLKDWYDKAGAPK,0.0,0.0,0.0,0.0,0.0
AKGPNLAAASHSLSLSVAR,0.0,0.0,0.0,0.0,0.0
ALGPSQSTAVYEAKNLR,0.0,0.0,0.0,0.0,0.0
ALNSMGKDKNRMHALR,0.0,0.0,0.0,0.0,0.0
ALNSMQGDNQVLVPSLR,0.0,0.0,0.0,0.0,0.0
ALPSMLQQSLSDAEQR,0.0,0.0,0.0,0.0,0.0
ALSYDRKALALEEANNDLENK,0.0,0.0,0.0,0.0,0.0
ALSYRPKTTALEEANDDLENK,0.0,0.0,0.0,0.0,0.0
ALTGLGLSLAAK,0.0,0.0,0.0,0.0,0.0
ALTLFAADR,0.0,0.0,0.0,0.0,0.0
ANPGSPSPNTHFFCGAGYLEGGK,0.0,0.0,0.0,0.0,0.0
ANPGTYLTSNMFGCAGYLEGGK,0.0,0.0,0.0,0.0,0.0
ANPSLNLNVVEGNEQFLSASK,0.0,0.0,0.0,0.0,0.0
APFSSSYLSR,0.0,0.0,0.0,0.0,0.0
APFSSSYSLR,0.0,0.0,0.0,0.0,0.0
APGSGLNLNVVEGQADGFLSASK,0.0,0.0,0.0,0.0,0.0
APGSSFKTVSALFR,0.0,0.0,0.0,0.0,0.0
APHGDTSTMLALR,0.0,0.0,0.0,0.0,0.0
APLCEACHQK,0.0,0.0,0.0,0.0,0.0
APLEEGSYCR,0.0,0.0,0.0,0.0,0.0
APLLCVSEDK,0.0,0.0,0.0,0.0,0.0
APLLSDCPCAQHYAGYLEGGK,0.0,0.0,0.0,0.0,0.0
APLLSDDYWHEEAGYLEGGK,0.0,0.0,0.0,0.0,0.0
APLLSDFLSASK,0.0,0.0,0.0,0.0,0.0
APLLSDFNMHEEEAGYLEGGK,0.0,0.0,0.0,0.0,0.0
APLLSDSNMQHCQAGYLEGGK,0.0,0.0,0.0,0.0,0.0
APLLSDSSNAPCDQAGYLEGGK,0.0,0.0,0.0,0.0,0.0
APLLSDSSRDYEYVSWLK,0.0,0.0,0.0,0.0,0.0
APLLSDYVFRMQWASDAGYLEGGK,0.0,0.0,0.0,0.0,0.0
APLLSFLSASK,0.0,0.0,0.0,0.0,0.0
APLLSLLK,0.0,0.0,0.0,0.0,0.0
APLLSPGDWDHAK,0.0,0.0,0.0,0.0,0.0
APLLWLK,0.0,0.0,0.0,0.0,0.0
APLTDHLDATLK,0.0,0.0,0.0,0.0,0.0
APNYVGCLLK,0.0,0.0,0.0,0.0,0.0
APSTYGGAKTNGSSK,0.0,0.0,0.0,0.0,0.0
APSTYGGEVKSSR,0.0,0.0,0.0,0.0,0.0
APTADVLAFFVHK,0.0,0.0,0.0,0.0,0.0
APTSPKLSNSMEAQLTDVR,0.0,0.0,0.0,0.0,0.0
AQYEDLAQKSK,0.0,0.0,0.0,0.0,0.0
AQYEELAQR,0.0,0.0,0.0,0.0,0.0
ASAGTAGCLLSGWGNTK,0.0,0.0,0.0,0.0,0.0
ASDLPLLPLPR,0.0,0.0,0.0,0.0,0.0
ASHNLEPYFESFLNRAR,0.0,0.0,0.0,0.0,0.0
ASVTLAWGK,0.0,0.0,0.0,0.0,0.0
ASVVNLSNK,0.0,0.0,0.0,0.0,0.0
ASYPGKLTSNMFGCAGYLEGGQDNEYHHNSAHNR,0.0,0.0,0.0,0.0,0.0
ASYPGQLTSNMSGYAGYLEGGK,0.0,0.0,0.0,0.0,0.0
ASYPQGLTSNMFGCAGYLEGGK,0.0,0.0,0.0,0.0,0.0
ATALTTLATVLSAK,0.0,0.0,0.0,0.0,0.0
ATFQELADAAGDK,0.0,0.0,0.0,0.0,0.0
ATGSGMELTVDHLLVR,0.0,0.0,0.0,0.0,0.0
AVFPSLVRGPR,0.0,0.0,0.0,0.0,0.0
AVGQRLCNVVEGENQFLSASK,0.0,0.0,0.0,0.0,0.0
AVLDPFGPK,0.0,0.0,0.0,0.0,0.0
AVMDFDAAFVEK,0.0,0.0,0.0,0.0,0.0
AVPQALELELQSKLAMAFQSLEASLAETWR,0.0,0.0,0.0,0.0,0.0
AVTGKLFLGTSAPK,0.0,0.0,0.0,0.0,0.0
AVVEAVFK,0.0,0.0,0.0,0.0,0.0
AVVEGLLK,0.0,0.0,0.0,0.0,0.0
AVVLSLVGHK,0.0,0.0,0.0,0.0,0.0
AWLSLEDKSGSAGTQGCLLSGWGNTK,0.0,0.0,0.0,0.0,0.0
AYELGLATR,0.0,0.0,0.0,0.0,0.0
AYGVSGATNLPGKGGK,0.0,0.0,0.0,0.0,0.0
AYLNNLR,0.0,0.0,0.0,0.0,0.0
AYVGAEGVLANSLAGTGLSGK,0.0,0.0,0.0,0.0,0.0
CCAANYVSWLK,0.0,0.0,0.0,0.0,0.0
CDFGGGGGSFGAGGGFGSR,0.0,0.0,0.0,0.0,0.0
CDYCCAPNVSVSVSTSHTTLDMVR,0.0,0.0,0.0,0.0,0.0
CEMCAMPNVSVSVSTSHTTLDMVR,0.0,0.0,0.0,0.0,0.0
CFGCVGYLENK,0.0,0.0,0.0,0.0,0.0
CFPYYTARDDLKDQLVDLTVGNNK,0.0,0.0,0.0,0.0,0.0
CGECKPNVSVSVSTSHTTLSEER,0.0,0.0,0.0,0.0,0.0
CHAFQMTGKNSGDVNVELNVAPGK,0.0,0.0,0.0,0.0,0.0
CPPPPNLTNSNEPTFYK,0.0,0.0,0.0,0.0,0.0
CPRDGGLNVVEGQDQFLSASK,0.0,0.0,0.0,0.0,0.0
CPYAMGSNFNYTGLGGFGGGSFR,0.0,0.0,0.0,0.0,0.0
DAAEALWEGASAPLMELLHSR,0.0,0.0,0.0,0.0,0.0
DAASHCTHDDEYSLLLSLK,0.0,0.0,0.0,0.0,0.0
DALLSQLSR,0.0,0.0,0.0,0.0,0.0
DCYPCMFYSVSVSTSHTTLDMVR,0.0,0.0,0.0,0.0,0.0
DDATTEEATEYQQLLDLK,0.0,0.0,0.0,0.0,0.0
DGGDGNSESLLSGWGNTK,0.0,0.0,0.0,0.0,0.0
DGHNAGQNALSGGYGSR,0.0,0.0,0.0,0.0,0.0
DGNPCEDLEGGK,0.0,0.0,0.0,0.0,0.0
DGNPLGATGEMQAGR,0.0,0.0,0.0,0.0,0.0
DGPGDADNTVLK,0.0,0.0,0.0,0.0,0.0
DLEFGFTGR,0.0,0.0,0.0,0.0,0.0
DLENKYETQLTQLEHEVSETEEVQSASK,0.0,0.0,0.0,0.0,0.0
DLENQYETKLNDLEHEVSSSGQEVQSGTK,0.0,0.0,0.0,0.0,0.0
DLKDQLVDLTVGGGNK,0.0,0.0,0.0,0.0,0.0
DLLDDFDR,0.0,0.0,0.0,0.0,0.0
DLLLQLDNAR,0.0,0.0,0.0,0.0,0.0
DLSFGYSYGGGSGGGFSASSLGGGFGNSR,0.0,0.0,0.0,0.0,0.0
DLSKEANVEALVEERMFRR,0.0,0.0,0.0,0.0,0.0
DMQDLVEDFK,0.0,0.0,0.0,0.0,0.0
DMVAEMWARDLASVEQHLNSHR,0.0,0.0,0.0,0.0,0.0
DNLTEELKMMAMQYETLQEELMALKK,0.0,0.0,0.0,0.0,0.0
DNPEVLGLR,0.0,0.0,0.0,0.0,0.0
DNVLSQNDLKMSETNVLLSMDNNR,0.0,0.0,0.0,0.0,0.0
DPAAYQASAQQPDAVMGNPK,0.0,0.0,0.0,0.0,0.0
DPCEMKEYTLKEELMALKK,0.0,0.0,0.0,0.0,0.0
DPDEYFGGSSGGYGGLGGFGGGSFR,0.0,0.0,0.0,0.0,0.0
DPDNPDTVDVLMHMLDR,0.0,0.0,0.0,0.0,0.0
DPHRYSVVLLLR,0.0,0.0,0.0,0.0,0.0
DPLVTLSGVTK,0.0,0.0,0.0,0.0,0.0
DPLWQLESFATEELAYLK,0.0,0.0,0.0,0.0,0.0
DPNDPDTVDVLMHMLDR,0.0,0.0,0.0,0.0,0.0
DPTAEQFQELEEK,0.0,0.0,0.0,0.0,0.0
DPTQSHGMDVLMHMDLR,0.0,0.0,0.0,0.0,0.0
DPVEASLAETEGR,0.0,0.0,0.0,0.0,0.0
DPVEKLESAMSTEELAYLKK,0.0,0.0,0.0,0.0,0.0
DSGAFSLR,0.0,0.0,0.0,0.0,0.0
DTKLTTELDDNLEQLSSYK,0.0,0.0,0.0,0.0,0.0
DTLNNDLMLLK,0.0,0.0,0.0,0.0,0.0
DTQSVLLLSMDMPR,0.0,0.0,0.0,0.0,0.0
DTVFGYSYNGSGGGFSASSLGGGFGNDK,0.0,0.0,0.0,0.0,0.0
DVDASFMNKVEQLAK,0.0,0.0,0.0,0.0,0.0
DVEEWYLR,0.0,0.0,0.0,0.0,0.0
DVGGEYMTKVDLQAK,0.0,0.0,0.0,0.0,0.0
DVLLTPLNLQLDGTLGPR,0.0,0.0,0.0,0.0,0.0
DVNSNVLLQLDNAR,0.0,0.0,0.0,0.0,0.0
DVPPFMTQNLEQLSSYK,0.0,0.0,0.0,0.0,0.0
DVREKELATYR,0.0,0.0,0.0,0.0,0.0
DVTLTDAVNFLK,0.0,0.0,0.0,0.0,0.0
DYAELALYSPLDHLSDTSVVLSMDNNR,0.0,0.0,0.0,0.0,0.0
DYKLLSFVDR,0.0,0.0,0.0,0.0,0.0
DYLEFNK,0.0,0.0,0.0,0.0,0.0
DYPSSASSLGKMMER,0.0,0.0,0.0,0.0,0.0
DYVSWLK,0.0,0.0,0.0,0.0,0.0
EAAESLYAGSK,0.0,0.0,0.0,0.0,0.0
EAENFVTLK,0.0,0.0,0.0,0.0,0.0
EAGEALWEQSAPLMELLHSR,0.0,0.0,0.0,0.0,0.0
EAGLEDATQDEYLSLLSLK,0.0,0.0,0.0,0.0,0.0
EAGTQESLSGLR,0.0,0.0,0.0,0.0,0.0
EAKLAAVLPMLK,0.0,0.0,0.0,0.0,0.0
EALVNVESKLAELR,0.0,0.0,0.0,0.0,0.0
EANFLAQVKDMRGGK,0.0,0.0,0.0,0.0,0.0
EANNDNPSWLK,0.0,0.0,0.0,0.0,0.0
EAPEADLDGLR,0.0,0.0,0.0,0.0,0.0
EAPMASLDLDSLLAEVK,0.0,0.0,0.0,0.0,0.0
EAPNTEAWWEFWWPAGYLEGGK,0.0,0.0,0.0,0.0,0.0
EAPPLSLPMEETLSYLLGR,0.0,0.0,0.0,29040000.0,0.0
EAPSLESPLSLSAAGVPVR,0.0,0.0,0.0,0.0,0.0
ECKLSPSGVLLQEAADVHAR,0.0,0.0,0.0,0.0,0.0
ECKNLELELGASQLSMK,0.0,0.0,0.0,0.0,0.0
EDATLGHVYMLLK,0.0,0.0,0.0,0.0,0.0
EDAYATLLDLLTKR,0.0,0.0,0.0,0.0,0.0
EDHDCGYLEGGK,0.0,0.0,0.0,0.0,0.0
EDKRHHKEEGWK,0.0,0.0,0.0,0.0,0.0
EDVGVTLVLNLTNR,0.0,0.0,0.0,0.0,0.0
EEAEKMTGQNSGDVNVELNVAPGK,0.0,0.0,0.0,0.0,0.0
EEGEWFFTK,0.0,0.0,0.0,0.0,0.0
EELSQMTGQNSDGVNVELNVAPGK,0.0,0.0,0.0,0.0,0.0
EEPFGYSYGDTVGFSASSLGGGFGGGSR,0.0,0.0,0.0,0.0,0.0
EESYGGSNSSGGYGGLGGFGGGSFR,0.0,0.0,0.0,0.0,0.0
EETMGPPAGYLEGGK,0.0,0.0,0.0,0.0,0.0
EFDKLVAAVLLNK,0.0,0.0,0.0,0.0,0.0
EFKWNRLELGFLNNLR,0.0,0.0,0.0,0.0,0.0
EFLLVSTGPYTEMEVNK,0.0,0.0,0.0,0.0,0.0
EGADQYMTK,0.0,0.0,0.0,0.0,0.0
EGAVDYMNKDLLQAK,0.0,0.0,0.0,0.0,0.0
EGEMTPFQDK,0.0,0.0,0.0,0.0,0.0
EGFTGKVVLDELK,0.0,0.0,0.0,0.0,0.0
EGGGGVALADAEQR,0.0,0.0,0.0,0.0,0.0
EGGKLPEDVLMGAFK,0.0,0.0,0.0,0.0,0.0
EGLEMQLESLK,0.0,0.0,0.0,0.0,0.0
EGLTTDELDFLR,0.0,0.0,0.0,0.0,0.0
EGMNYVSWLK,0.0,0.0,0.0,0.0,0.0
EGPSLLHHVDTSTR,0.0,0.0,0.0,0.0,0.0
EGSVTCSASSLGSSSAAGSK,0.0,0.0,0.0,0.0,0.0
EGVGGMGGDLVAELK,0.0,0.0,0.0,0.0,0.0
EGVGLELPAEK,0.0,0.0,0.0,0.0,0.0
EGVNDNEEFGFAR,0.0,0.0,0.0,0.0,0.0
EGYDAGYLEGGK,0.0,0.0,0.0,0.0,0.0
EHSKENTELKASLEEAEASLEHEEGK,0.0,0.0,0.0,0.0,0.0
EKDLDSLLAVKFGSLDLDSLLAEVK,0.0,0.0,0.0,0.0,0.0
EKGNFSSGGFSGGYASR,0.0,0.0,0.0,0.0,0.0
ELAMELDNNLEQLSSYK,0.0,0.0,0.0,0.0,0.0
ELATWMLLLLEAQAATGVALDHPR,0.0,0.0,0.0,0.0,0.0
ELDALERCSLTEELAYLKK,0.0,0.0,0.0,0.0,0.0
ELDAMQLESLTEELAYKLK,0.0,0.0,0.0,0.0,0.0
ELDWSQALAEVLNQLK,0.0,0.0,0.0,0.0,0.0
ELEMNRNLHMEMLSFESSGAGK,0.0,0.0,0.0,0.0,0.0
ELETYHNLLEGANEDFESSGQK,0.0,0.0,0.0,0.0,0.0
ELGLQVLELQSQLSMK,0.0,0.0,0.0,0.0,0.0
ELKFKSQLELELEGSGNK,0.0,0.0,0.0,0.0,0.0
ELKSMTLELELCTLNSK,0.0,0.0,0.0,0.0,0.0
ELKVYFEALELELERMR,0.0,0.0,0.0,0.0,0.0
ELLEWLDALQK,0.0,0.0,0.0,0.0,0.0
ELLLNLFPDNQQLLQLDNAR,0.0,0.0,0.0,0.0,0.0
ELMNNRELLENQEDFESSGAGK,0.0,0.0,0.0,0.0,0.0
ELNLFEPSDLK,0.0,0.0,0.0,0.0,0.0
ELPYFEPHGTLPNK,0.0,0.0,0.0,0.0,0.0
ELTTELDNNLEQLPCHKSPDLFRLR,0.0,0.0,0.0,0.0,0.0
ELVHQMCVSNTLNNDLMLLK,0.0,0.0,0.0,0.0,0.0
EMEKKNEVLQTK,0.0,0.0,0.0,0.0,0.0
EMPNGEQQNQVLQTK,0.0,0.0,0.0,0.0,0.0
ENQYTQQTQLTQLEHEVSSSGQEVQSGTK,0.0,0.0,0.0,0.0,0.0
ENRMNQNLLEGNAEDFESSGAAK,0.0,0.0,0.0,0.0,0.0
EPAGLVSGEGSCGAQK,0.0,0.0,0.0,0.0,0.0
EPLHHTFYWGLR,0.0,0.0,0.0,0.0,0.0
EPLLSQLSR,0.0,0.0,0.0,0.0,0.0
ESALAAMMAEELKK,0.0,0.0,0.0,0.0,0.0
ESALLQELDFLR,0.0,0.0,0.0,0.0,0.0
ESEEGDLDALEHMFR,0.0,0.0,0.0,0.0,0.0
ESGGGSTSFTASGFSGGGFGGGGFGGGR,0.0,0.0,0.0,0.0,0.0
ESGSEREKGNSESGGGFGGGGFGNR,0.0,0.0,0.0,0.0,0.0
ESSDNSFSFGAGGGFGSR,0.0,0.0,0.0,0.0,0.0
ESSMMCMSFGAGGGFGSR,0.0,0.0,0.0,0.0,0.0
ETAESQNTEYQKLLGGNK,0.0,0.0,0.0,0.0,0.0
ETTYDVAMALK,0.0,0.0,0.0,0.0,0.0
ETVDPVRNNYTEELAYLKK,0.0,0.0,0.0,0.0,0.0
EVDLQHLLEAVAK,0.0,0.0,0.0,0.0,0.0
EVGGLDGLLAEVK,0.0,0.0,0.0,0.0,0.0
EVLDSLLAEVQAK,0.0,0.0,0.0,0.0,0.0
EVNLVWTPTVDLNQVLNETR,0.0,0.0,0.0,0.0,0.0
EVNMDNLVAELK,0.0,0.0,0.0,0.0,0.0
EVNMLLGK,0.0,0.0,0.0,0.0,0.0
EVRDEETLGDASLPLK,0.0,0.0,0.0,0.0,0.0
EVSDSLLLAEVGK,0.0,0.0,0.0,0.0,0.0
EVTANSELVQSGK,0.0,0.0,0.0,0.0,0.0
EVTQLLNMNR,0.0,0.0,0.0,0.0,0.0
EVTVYVTYER,0.0,0.0,0.0,0.0,0.0
EVVVMVHMASK,0.0,0.0,0.0,0.0,0.0
EVYDQVK,0.0,0.0,0.0,0.0,0.0
EWLLQKVDMFGKWELLQGAVDTSEK,0.0,0.0,0.0,0.0,0.0
EYAAQTTLNLTK,0.0,0.0,0.0,0.0,0.0
EYDAALLAK,0.0,0.0,0.0,0.0,0.0
EYKMLTYDCLPKMKMYETLQEELMALKK,0.0,0.0,0.0,0.0,0.0
EYRRDSELEGQLKEWYEKHGNSHQWPR,0.0,0.0,0.0,3826000.0,0.0
EYYPLWGYRPTKYNTYETLQEELMALK,0.0,0.0,0.0,0.0,0.0
FAAFLDHVK,0.0,0.0,0.0,0.0,0.0
FAEQAVGMLGR,0.0,0.0,0.0,0.0,0.0
FALSEEMLAEFK,0.0,0.0,0.0,0.0,0.0
FASFLDGGKVR,0.0,0.0,0.0,0.0,0.0
FASFLDGK,0.0,0.0,0.0,0.0,0.0
FASFLDGRVK,0.0,0.0,0.0,0.0,0.0
FASFLEK,0.0,0.0,0.0,0.0,0.0
FASFLGTNLR,0.0,0.0,0.0,0.0,0.0
FASFLTGQVR,0.0,0.0,0.0,0.0,0.0
FASFLWGVR,0.0,0.0,0.0,0.0,0.0
FAVLVTDLGDEDHLGDMDFK,0.0,0.0,0.0,0.0,0.0
FCAGLVSADGSGCAQK,0.0,0.0,0.0,0.0,0.0
FEGDLAGGYYVKPTVFR,0.0,0.0,0.0,0.0,0.0
FEQYLNNLR,0.0,0.0,0.0,0.0,0.0
FESSSLYSR,0.0,0.0,0.0,0.0,0.0
FEWVAFK,0.0,0.0,0.0,0.0,0.0
FFEHPGDLSTPDAVMGNPK,0.0,0.0,0.0,0.0,0.0
FFGDPNTEENLTYLQLK,0.0,0.0,0.0,0.0,0.0
FFVAPFPEVFGGK,0.0,0.0,0.0,0.0,0.0
FGAAFLDK,0.0,0.0,0.0,0.0,0.0
FGAGGVHHAAGQAGNEAGR,0.0,0.0,0.0,0.0,0.0
FGSSGSAVVGMQK,0.0,0.0,0.0,0.0,0.0
FKNWMEMKDPYLGAGFGGGFAGGDGLLVTGDK,0.0,0.0,0.0,0.0,0.0
FLCNHNVEMDAAPRDLSR,0.0,0.0,0.0,0.0,0.0
FLDAAGLAK,0.0,0.0,0.0,0.0,0.0
FLGAYGKYGNK,0.0,0.0,0.0,0.0,0.0
FLHFLHK,0.0,0.0,0.0,0.0,0.0
FLMTDLK,0.0,0.0,0.0,0.0,0.0
FLMTLDK,0.0,0.0,0.0,0.0,0.0
FLQEQNQVLQTGK,0.0,0.0,0.0,0.0,0.0
FPGFPSSAGAMVPK,0.0,0.0,0.0,0.0,0.0
FRQSKEVLFYYHDAEHFHYGSNYTK,0.0,0.0,0.0,0.0,0.0
FSDELQLTQR,0.0,0.0,0.0,0.0,0.0
FSLLFAVR,0.0,0.0,0.0,0.0,0.0
FSNGAVSSGGFSGGSFSR,0.0,0.0,0.0,0.0,0.0
FSPLSLSAALMGVR,0.0,0.0,0.0,0.0,0.0
FSTEGLSLR,0.0,0.0,0.0,0.0,0.0
FSVKMKELELQSQLSK,0.0,0.0,0.0,0.0,0.0
FSYLPDQLK,0.0,0.0,0.0,0.0,0.0
FTTTAMNLQSSGGFSGGSFSR,0.0,0.0,0.0,0.0,0.0
FVLGVETEVALR,0.0,0.0,0.0,0.0,0.0
FVVAFQALFR,0.0,0.0,0.0,0.0,0.0
FVVAFYPKAR,0.0,0.0,0.0,0.0,0.0
FYYPKETNYLQKMYNTLDDLKDQLVDLTVGPMK,0.0,0.0,0.0,0.0,0.0
GANLEPLFEQYLQVNR,0.0,0.0,0.0,0.0,0.0
GCCYPGQLTSMDYQAGYLEGGK,0.0,0.0,0.0,0.0,0.0
GDGTLTANLLLGALDANR,0.0,0.0,0.0,0.0,0.0
GDQNNLPVVEGNEQFLSASK,0.0,0.0,0.0,0.0,0.0
GDSPNMDEAAFYQQLLDLK,0.0,0.0,0.0,0.0,0.0
GDVNVELNVAPGK,0.0,0.0,0.0,0.0,0.0
GEGVANLNVEMDAAPRDLSR,0.0,0.0,0.0,0.0,0.0
GEPGPAGAVGPAGAVGPR,0.0,0.0,0.0,0.0,0.0
GEPGPAGSVGPAGAVGPR,0.0,0.0,0.0,0.0,0.0
GFSSGSAVVSGSGR,0.0,0.0,0.0,0.0,0.0
GGCGFGGSSGGYGGLGGFGGGSFR,0.0,0.0,0.0,0.0,0.0
GGGGGFGAAGGFGGR,0.0,0.0,0.0,0.0,0.0
GHMLTLDDLQDQLVDLTVGGGNK,0.0,0.0,0.0,0.0,0.0
GKPGDNLNVVEGQDEFLSASK,0.0,0.0,0.0,0.0,0.0
GKPVEQRGLEPLVFYPELFR,0.0,0.0,0.0,0.0,0.0
GNFGGGSSFGGGSGFSGFNNGGFGNR,0.0,0.0,0.0,0.0,0.0
GNMGHSNVMGNMFCAGYLEGGK,0.0,0.0,0.0,0.0,0.0
GNSGGSYGGGGSGGGYGGGSSGR,0.0,0.0,0.0,0.0,0.0
GNSPLLQQVDTSTR,0.0,0.0,0.0,0.0,0.0
GNVLDQVTMEK,0.0,0.0,0.0,0.0,0.0
GPAGLAHVDSNMFCAGYLEGGK,0.0,0.0,0.0,0.0,0.0
GPETFFEAAVLFR,0.0,0.0,0.0,0.0,0.0
GPLGPFGPPGEAGHGGESGR,0.0,0.0,0.0,0.0,0.0
GPPGDEGPLTYDR,0.0,0.0,0.0,0.0,0.0
GPPSNLVNK,0.0,0.0,0.0,0.0,0.0
GPQLTGYTSNMFCGAGYLEGGK,0.0,0.0,0.0,0.0,0.0
GPSGGSYGGGGSGGGYGGGSGSR,0.0,0.0,0.0,0.0,0.0
GPSLDLDSLLAEVK,0.0,0.0,0.0,0.0,0.0
GPSVGPAQR,0.0,0.0,0.0,0.0,0.0
GPSYQVLLDVR,0.0,0.0,0.0,0.0,0.0
GPVDLSRQLLNNMR,0.0,0.0,0.0,0.0,0.0
GPYESSHNSSVAGHEQSR,0.0,0.0,0.0,0.0,0.0
GSAGTQCCVLSGWGNTK,0.0,0.0,0.0,0.0,0.0
GSGGFSSKAGTSYGNRPGK,0.0,0.0,0.0,0.0,0.0
GSGGGGSYGNSGGGYGGGSGSR,0.0,0.0,0.0,0.0,0.0
GSGGGNSLSGGGYGSGNSNR,0.0,0.0,0.0,0.0,0.0
GSNNLEFASFLDK,0.0,0.0,0.0,0.0,0.0
GTALALTTLNVLEMLAFLPPR,0.0,0.0,0.0,0.0,0.0
GTHVGTLETVLLGLLK,0.0,0.0,0.0,0.0,0.0
GTLSAFFNTADHDDNLK,0.0,0.0,0.0,0.0,0.0
GYEELKLDNR,0.0,0.0,0.0,0.0,0.0
GYGGFGGLGFGR,0.0,0.0,0.0,0.0,0.0
GYGGYGGFGAVGFGR,0.0,0.0,0.0,0.0,0.0
GYTAVNDPETGNLLSLFGAAMNK,0.0,0.0,0.0,0.0,0.0
HARFYHNNEDKKEDFESSGAGK,0.0,0.0,0.0,0.0,0.0
HATSSSEKLQSYQAELLELR,0.0,0.0,0.0,0.0,0.0
HCADDYQNQEYSLLLSLK,0.0,0.0,0.0,0.0,0.0
HCLEYNKEQNKEYSLLLDGR,0.0,0.0,0.0,0.0,0.0
HDGWELLQQVDTSTR,0.0,0.0,0.0,0.0,0.0
HDNLRFWVLSMDNNR,0.0,0.0,0.0,0.0,0.0
HDRFFLLAQK,0.0,0.0,0.0,0.0,0.0
HFDDSGPMFFSAR,0.0,0.0,0.0,0.0,0.0
HGAHVNDEEGHK,0.0,0.0,0.0,0.0,0.0
HGLGVLTVLLR,0.0,0.0,0.0,0.0,0.0
HGTLALEEVVLALLK,0.0,0.0,0.0,0.0,0.0
HGVKENKNELESQLSK,0.0,0.0,0.0,0.0,0.0
HGVQEKQLELQSQLSK,0.0,0.0,0.0,0.0,0.0
HGVQELELELQSKLSANK,0.0,0.0,0.0,0.0,0.0
HGVQELELELQSQLSGLK,0.0,0.0,0.0,0.0,0.0
HGVQELKPGLCQSQLSK,0.0,0.0,0.0,0.0,0.0
HLLDGLASETVVR,0.0,0.0,0.0,0.0,0.0
HLVVLNR,0.0,0.0,0.0,0.0,0.0
HMNQYEDELNKR,0.0,0.0,0.0,0.0,0.0
HNEKEMSKLTCWPGDVNVELNVAPGKDLTK,0.0,0.0,0.0,0.0,0.0
HNKEEFEHYGKNSDGVNVELNVAPGK,0.0,0.0,0.0,0.0,0.0
HNLLEDQSMATESSGAGK,0.0,0.0,0.0,0.0,0.0
HNLLEGANEDFESSGAGK,0.0,0.0,0.0,0.0,0.0
HNQEEFLLQMENSDRNVELNVAPGK,0.0,0.0,0.0,0.0,0.0
HPSYNSNTLNNDLMLLK,0.0,0.0,0.0,0.0,0.0
HSSDEASLAETEGR,0.0,0.0,0.0,0.0,0.0
HSSNLKQSLSDAEPTK,0.0,0.0,0.0,0.0,0.0
HTFGSGSGPSVGDFSDK,0.0,0.0,0.0,0.0,0.0
KAFDKLFHWGHNMK,0.0,0.0,0.0,0.0,0.0
KAGAAGGDLEEALQQAK,0.0,0.0,0.0,0.0,0.0
KAVGALEEANNDLENK,0.0,0.0,0.0,0.0,0.0
KDRHLVAPEDNLK,0.0,0.0,0.0,0.0,0.0
KDSALLPYLLADELR,0.0,0.0,0.0,0.0,0.0
KDVDGQYMLK,0.0,0.0,0.0,0.0,0.0
KDVKTLDGAELGVR,0.0,0.0,0.0,0.0,0.0
KDVSSGGFSGGFSDK,0.0,0.0,0.0,0.0,0.0
KEELEATLAEVK,0.0,0.0,0.0,0.0,0.0
KELEELLEEQR,0.0,0.0,0.0,0.0,0.0
KELTNVEAEVTQLR,0.0,0.0,0.0,0.0,0.0
KELVNVESQLAELR,0.0,0.0,0.0,0.0,0.0
KENNQFASFLDGK,0.0,0.0,0.0,0.0,0.0
KENTDHELQGLNGFGGGFAGGDGLLVEGSK,0.0,0.0,0.0,0.0,0.0
KEPGANLNVVEGQDQFLSASK,0.0,0.0,0.0,0.0,0.0
KESELNSLQEVLEGYK,0.0,0.0,0.0,0.0,0.0
KESLTTELDNNLEQLSSYK,0.0,0.0,0.0,0.0,0.0
KEVEEQLAQLR,0.0,0.0,0.0,0.0,0.0
KEYALELPTMNR,0.0,0.0,0.0,0.0,0.0
KFSEMDKVKFLEDGPTK,0.0,0.0,0.0,0.0,0.0
KGAAQADLEDALQQAK,0.0,0.0,0.0,0.0,0.0
KGANASLQAALTDAEQR,0.0,0.0,0.0,0.0,0.0
KGDLTFEDLESVGK,0.0,0.0,0.0,0.0,0.0
KGGELLGHEESLLQQVDTSTR,0.0,0.0,0.0,0.0,0.0
KGGGGPVGYTK,0.0,0.0,0.0,0.0,0.0
KGGGSMAPMESLTEELAYLKGK,0.0,0.0,0.0,0.0,0.0
KGGHSRCKEMDAAPGVDLSR,0.0,0.0,0.0,0.0,0.0
KGGSNFLELELQSQLTR,0.0,0.0,0.0,0.0,0.0
KGGVALDWALQSQLALGK,0.0,0.0,0.0,0.0,0.0
KGMCNYVSWLK,0.0,0.0,0.0,0.0,0.0
KGNHHTFYNELR,0.0,0.0,0.0,0.0,0.0
KGNQMFAVALR,0.0,0.0,0.0,0.0,0.0
KGPPSGYKELMNTK,0.0,0.0,0.0,0.0,0.0
KGQQSLQAALTDAEAGR,0.0,0.0,0.0,0.0,0.0
KGTLDLDQSR,0.0,0.0,0.0,0.0,0.0
KHAAPMLVPNAPMNK,0.0,0.0,0.0,0.0,0.0
KLGAAAGYLEGGK,0.0,0.0,0.0,0.0,0.0
KLKPNLK,0.0,0.0,0.0,0.0,0.0
KLSAQLDWYDKK,0.0,0.0,0.0,0.0,0.0
KNAALYQELMNTK,0.0,0.0,0.0,0.0,0.0
KNAELQQSLSDAEQR,0.0,0.0,0.0,0.0,0.0
KNCAANLQNALADAEQR,0.0,0.0,0.0,0.0,0.0
KNHEEELMALR,0.0,0.0,0.0,0.0,0.0
KNKCKKTMPVTGEEAGGGDGLEGGK,0.0,0.0,0.0,0.0,0.0
KNLASAWRSPQK,0.0,0.0,0.0,0.0,0.0
KNLVDLTVGDNK,0.0,0.0,0.0,0.0,0.0
KNPPEGGRAGYR,0.0,0.0,0.0,0.0,0.0
KNSSTNKK,0.0,0.0,0.0,0.0,0.0
KNTELVLEEELR,0.0,0.0,0.0,0.0,0.0
KPNDLEK,0.0,0.0,0.0,0.0,0.0
KPQDNLNVVEGQDQFLSASK,0.0,0.0,0.0,0.0,0.0
KQWKLQQSLSDAEQR,0.0,0.0,0.0,0.0,0.0
KSDLEANVEALLQETDFLR,0.0,0.0,0.0,0.0,0.0
KSDLEANVEALVEEPLSHR,0.0,0.0,0.0,0.0,0.0
KSGAESAELYQSK,0.0,0.0,0.0,0.0,0.0
KSLLLSYEKNQCHACHMPDLGGGGGSFGAGGGFGSR,0.0,0.0,0.0,0.0,0.0
KSTNHGGMGGKTYR,0.0,0.0,0.0,0.0,0.0
KTGENEQFVTLK,0.0,0.0,0.0,0.0,0.0
KTNSVTVLNVLEGASVTVSPVK,0.0,0.0,0.0,0.0,0.0
KTTATGFSTGPYPSEVENK,0.0,0.0,0.0,0.0,0.0
KTVTTGVEMFR,0.0,0.0,0.0,0.0,0.0
KVDELELSVR,0.0,0.0,0.0,0.0,0.0
LAEEAGQDLEVK,0.0,0.0,0.0,0.0,0.0
LAEFANPPMVK,0.0,0.0,0.0,0.0,0.0
LAGNLSLEEALQK,0.0,0.0,0.0,0.0,0.0
LAGNPALNLLLYQEGAK,0.0,0.0,0.0,0.0,0.0
LALAPVDVR,0.0,0.0,0.0,0.0,0.0
LALDLEFVMVK,0.0,0.0,0.0,0.0,0.0
LALDLELSYVR,0.0,0.0,0.0,0.0,0.0
LALGYVHNLSK,0.0,0.0,0.0,0.0,0.0
LALLVGLER,0.0,0.0,0.0,0.0,0.0
LALQALLAGTEDMLK,0.0,0.0,0.0,0.0,0.0
LALTVLLNDPR,0.0,0.0,0.0,0.0,0.0
LALVQLNEMGGVLGR,0.0,0.0,0.0,0.0,0.0
LAMKNVK,0.0,0.0,0.0,0.0,0.0
LANSLLDVYNGYK,0.0,0.0,0.0,0.0,0.0
LANSNLQQSLSDAEQR,0.0,0.0,0.0,0.0,0.0
LAPTDVLANAYR,0.0,0.0,0.0,0.0,0.0
LAPVVLEANR,0.0,0.0,0.0,0.0,0.0
LAQAYYETSR,0.0,0.0,0.0,0.0,0.0
LASLEEQLKSGPR,0.0,0.0,0.0,0.0,0.0
LASYEVQVKALEEANNDLENK,0.0,0.0,0.0,0.0,0.0
LATGLGLTEAK,0.0,0.0,0.0,0.0,0.0
LATKLELPHTR,0.0,0.0,0.0,0.0,0.0
LAYFYEPFLR,0.0,0.0,0.0,0.0,0.0
LCEYGGGFSASSLGNFGNSR,0.0,0.0,0.0,0.0,0.0
LDAEMQLESLASSNLAYKLK,0.0,0.0,0.0,0.0,0.0
LDAEVTPR,0.0,0.0,0.0,0.0,0.0
LDCHTLQSTKELEEDFESSGAGK,0.0,0.0,0.0,0.0,0.0
LDDHVPAFQALGSLNDLQFFR,0.0,0.0,0.0,0.0,0.0
LDGEFVADLDLQQR,0.0,0.0,0.0,0.0,0.0
LDLLLGPR,0.0,0.0,0.0,0.0,0.0
LDQCYGFSASSLGFNEER,0.0,0.0,0.0,0.0,0.0
LDSELKR,0.0,0.0,0.0,0.0,0.0
LDVHWTR,0.0,0.0,0.0,0.0,0.0
LEDALQQAKEDLAR,0.0,0.0,0.0,0.0,0.0
LEDWANVEMDAAPGVDLSR,0.0,0.0,0.0,0.0,0.0
LEEEAALAAAVGSGGFAFMANSHEK,0.0,0.0,0.0,0.0,0.0
LEEMNRNLLEGGQEDFESSGAGK,0.0,0.0,0.0,0.0,0.0
LEGAMDALESLTEELAYLK,0.0,0.0,0.0,0.0,0.0
LEGEMAGLELSKEELAYLK,0.0,0.0,0.0,0.0,0.0
LEGEMGALESLTEELAYRLK,0.0,0.0,0.0,0.0,0.0
LEGLEPLFEGSMLELLASR,0.0,0.0,0.0,0.0,0.0
LEGLKEELALYR,0.0,0.0,0.0,0.0,0.0
LEGSMWLESLTEELAYLKK,0.0,0.0,0.0,0.0,0.0
LELDTLNR,0.0,0.0,0.0,0.0,0.0
LELPLELATYR,0.0,0.0,0.0,0.0,0.0
LELSELDR,0.0,0.0,0.0,0.0,0.0
LELSEVVGR,0.0,0.0,0.0,0.0,0.0
LELTDLAAR,0.0,0.0,0.0,0.0,0.0
LELVLAR,0.0,0.0,0.0,0.0,0.0
LENHQELVELFSEFNK,0.0,0.0,0.0,0.0,0.0
LENHTGTLPELFSEFNK,0.0,0.0,0.0,0.0,0.0
LEPNKMSSNLEAQLTDVR,0.0,0.0,0.0,0.0,0.0
LEVTTEELAYLK,0.0,0.0,0.0,0.0,0.0
LEYDDRLR,0.0,0.0,0.0,0.0,0.0
LFDDVFR,0.0,0.0,0.0,0.0,0.0
LFFDEPYFESFLDNLR,0.0,0.0,0.0,0.0,0.0
LGAAQLSALEEQLAGQLR,0.0,0.0,0.0,0.0,0.0
LGAGLVSWGSGCAQK,0.0,0.0,0.0,0.0,0.0
LGAGLVSWGSGGNPGK,0.0,0.0,0.0,0.0,0.0
LGGDLEEAQLAQK,0.0,0.0,0.0,0.0,0.0
LGGGDLEDALQAGAK,0.0,0.0,0.0,0.0,0.0
LGLMGGSVLSSSHKPALVR,0.0,0.0,0.0,0.0,0.0
LGLTVDELLALR,0.0,0.0,0.0,0.0,0.0
LGMNVSPTGSGCGAQK,0.0,0.0,0.0,0.0,0.0
LGQPGAVGAPGLR,0.0,0.0,0.0,0.0,0.0
LGSALEKQWLPDK,0.0,0.0,0.0,0.0,0.0
LGSLSLYQLDYLNDNNSGWGNTK,0.0,0.0,0.0,0.0,0.0
LGVGLAGSVGELGPPGEAGTAGHK,0.0,0.0,0.0,0.0,0.0
LHPDAELSQMQTHLSDTSVVLSMDNNR,0.0,0.0,0.0,0.0,0.0
LHPYYNTLDDLQDQLVDLTVGNNK,0.0,0.0,0.0,0.0,0.0
LHQSVTDTNVLLSMDNSR,0.0,0.0,0.0,0.0,0.0
LIMQYASENLIPVTLELGGK,0.0,0.0,0.0,0.0,0.0
LKCYCLLSGWGNTK,0.0,0.0,0.0,0.0,0.0
LKDSWMQWNYLSALEEQLQQLR,0.0,0.0,0.0,0.0,0.0
LKELFSK,0.0,0.0,0.0,0.0,0.0
LKFEMELNER,0.0,0.0,0.0,0.0,0.0
LKYNHTRFR,0.0,0.0,0.0,0.0,0.0
LLDIQQK,0.0,0.0,0.0,0.0,0.0
LLEGPTDDYNSSQGK,0.0,0.0,0.0,0.0,0.0
LLELLTLDTR,0.0,0.0,0.0,0.0,0.0
LLEWDAHLSSSQFSSGSQSSR,0.0,0.0,0.0,0.0,0.0
LLFVVGGGPSGK,0.0,0.0,0.0,0.0,0.0
LLGLWDTVVSLGK,0.0,0.0,0.0,0.0,0.0
LLKNLTEVTR,0.0,0.0,0.0,0.0,0.0
LLLALVDAKTAAGK,0.0,0.0,0.0,0.0,0.0
LLLLADGGPQLAVLQMR,0.0,0.0,0.0,0.0,0.0
LLNALELDTFK,0.0,0.0,0.0,0.0,0.0
LLNLTTDNAVQLLQLDNAR,0.0,0.0,0.0,0.0,0.0
LLQSHLSDTSVVVK,0.0,0.0,0.0,0.0,0.0
LLSEVDDGGDGELSFQEFLTAAR,0.0,0.0,0.0,0.0,0.0
LLSEVDGDGDDALSFQEFLTAAR,0.0,0.0,0.0,0.0,0.0
LLSMDNNR,0.0,0.0,0.0,0.0,0.0
LLTGEQLFDSLR,0.0,0.0,0.0,0.0,0.0
LLTSTTLNK,0.0,0.0,0.0,0.0,0.0
LLVNVESQLAELR,0.0,0.0,0.0,0.0,0.0
LNAGSLLQPLNVELDEPLQK,0.0,0.0,0.0,0.0,0.0
LNDTYDALQQAK,0.0,0.0,0.0,0.0,0.0
LNLSALQR,0.0,0.0,0.0,0.0,0.0
LNLTMRWRTWEEMQYETLQEELMALKK,0.0,0.0,0.0,0.0,0.0
LNMPPLLTHQLPPKFMHK,0.0,0.0,0.0,0.0,0.0
LNSLLTNVESQLAELR,0.0,0.0,0.0,0.0,0.0
LNSLSLAQMDASAGTQCGLLSGWGNTK,0.0,0.0,0.0,0.0,0.0
LNSMASAGLWLSAGTQGCLLSGWGNTK,0.0,0.0,0.0,0.0,0.0
LPAALLTR,0.0,0.0,0.0,0.0,0.0
LPAGGALLGVVTAVAK,0.0,0.0,0.0,0.0,0.0
LPALGRYDCGYSGCAGYLEGGK,0.0,0.0,0.0,0.0,0.0
LPALMATNHTMDCAGYLEGGK,0.0,0.0,0.0,0.0,0.0
LPALSDSSQSCFYAGYLEGGK,0.0,0.0,0.0,0.0,0.0
LPAMLEEYYWCAGYLEGGK,0.0,0.0,0.0,0.0,0.0
LPAQLELDTNLR,0.0,0.0,0.0,0.0,0.0
LPDAELATLAGK,0.0,0.0,0.0,0.0,0.0
LPDYEQVVAFQSLQLSLGVR,0.0,0.0,0.0,0.0,0.0
LPDYEQVVAMKSLQLSLGVR,0.0,0.0,0.0,0.0,0.0
LPEDNLNVQGEVVNLPHESK,0.0,0.0,0.0,0.0,0.0
LPEDNLNVVEGAGSATMLEASK,0.0,0.0,0.0,0.0,0.0
LPEDNLNVVEGNGNKFLSASK,0.0,0.0,0.0,0.0,0.0
LPEDNLNVVEGWGQFLEASK,0.0,0.0,0.0,0.0,0.0
LPEDNLNVVEWNQFLSASK,0.0,0.0,0.0,0.0,0.0
LPEDNLNVVKGDGDTMLSAEK,0.0,0.0,0.0,0.0,0.0
LPEMWGPLSLSAALAPAR,0.0,0.0,0.0,0.0,0.0
LPENPVKLEPLFGAGYLDKVTR,0.0,0.0,0.0,0.0,0.0
LPGLDVLANSFDLSR,0.0,0.0,0.0,0.0,0.0
LPGSYLNELNAGR,0.0,0.0,0.0,0.0,0.0
LPHPDHVGYWFK,0.0,0.0,0.0,0.0,0.0
LPLDLEPGTVHLR,0.0,0.0,0.0,0.0,0.0
LPLDPVQYK,0.0,0.0,0.0,0.0,0.0
LPLFGGAGVGK,0.0,0.0,0.0,0.0,0.0
LPLGTYPAALK,0.0,0.0,0.0,0.0,0.0
LPLNDLFR,0.0,0.0,0.0,0.0,0.0
LPMLNLPDENGEVEFLSASGGK,0.0,0.0,0.0,0.0,0.0
LPNGAGVLSQVPLLADVTR,0.0,0.0,0.0,0.0,0.0
LPSLSLPTQCSSAGTEMSSLSGWGNTK,0.0,0.0,0.0,0.0,0.0
LPSLSLPTSGCCLNNDLLSGWGNTK,0.0,0.0,0.0,0.0,0.0
LPYAFDR,0.0,0.0,0.0,0.0,0.0
LQELDFLR,0.0,0.0,0.0,0.0,0.0
LQEQLSNLEAQLTDVR,0.0,0.0,0.0,0.0,0.0
LQGGALADAEQR,0.0,0.0,0.0,0.0,0.0
LQGLHDDERKRLPNSPLLQQPEGYLDSKLR,0.0,0.0,0.0,0.0,0.0
LQGLVSLLK,0.0,0.0,0.0,0.0,0.0
LQNSLQQSLSDEAQR,0.0,0.0,0.0,0.0,0.0
LQYEAGEVVLK,0.0,0.0,0.0,0.0,0.0
LRLEENLQTYR,0.0,0.0,0.0,0.0,0.0
LRMSLPTSTCDGSQQLLSGWGNTK,0.0,0.0,0.0,0.0,0.0
LSDDLLAEVK,0.0,0.0,0.0,0.0,0.0
LSDEAQMESLKEELLSLK,0.0,0.0,0.0,0.0,0.0
LSDLDEALSLVK,0.0,0.0,0.0,0.0,0.0
LSDVLEDALQQAKEMPAR,0.0,0.0,0.0,0.0,0.0
LSGAGAATPAKKEDFVLAGNK,0.0,0.0,0.0,0.0,0.0
LSGGGFGGSGR,0.0,0.0,0.0,12513000.0,0.0
LSGPGGNLNVVEGNEQFLSASK,0.0,0.0,0.0,0.0,0.0
LSGWLLK,0.0,0.0,0.0,0.0,0.0
LSLGGGSGCALSGGYSGR,0.0,0.0,0.0,0.0,0.0
LSLPTSDNFLDNNLSGWGNTK,0.0,0.0,0.0,0.0,0.0
LSLSTSGSGFR,0.0,0.0,0.0,0.0,0.0
LSLTPLGGLELDNPAQR,0.0,0.0,0.0,0.0,0.0
LSLVSVESQLAELR,0.0,0.0,0.0,0.0,0.0
LSNLAEVELQAQHGNLR,0.0,0.0,0.0,0.0,0.0
LSNLEAQLSEVR,0.0,0.0,0.0,0.0,0.0
LSNNQFASFLDKGVR,0.0,0.0,0.0,0.0,0.0
LSPDAFNVALDLR,0.0,0.0,0.0,0.0,0.0
LSPDGSLTTEAFGEQR,0.0,0.0,0.0,0.0,0.0
LSPYENEVALR,0.0,0.0,0.0,0.0,0.0
LSRNDHACFHHLLSGWGTGGK,0.0,0.0,0.0,0.0,0.0
LSSLSVAANSR,0.0,0.0,0.0,0.0,0.0
LSSPDAGEDDPR,0.0,0.0,0.0,0.0,0.0
LSVEADRAALAAR,0.0,0.0,0.0,0.0,0.0
LSVEADTRPAK,0.0,0.0,0.0,0.0,0.0
LSVHLAYNSPKCNNDLMLLKGLK,0.0,0.0,0.0,0.0,0.0
LSVHPSYNSNTLLDDLMLLK,0.0,0.0,0.0,0.0,0.0
LSVNLGGSKSLVLSSAR,0.0,0.0,0.0,0.0,0.0
LTAAPVQFPFK,0.0,0.0,0.0,0.0,0.0
LTELQGLLDGGLQR,0.0,0.0,0.0,0.0,0.0
LTELQGLLDNLQR,0.0,0.0,0.0,0.0,0.0
LTFPLLLR,0.0,0.0,0.0,0.0,0.0
LTGKALSYLDK,0.0,0.0,0.0,0.0,0.0
LTGKNELHYQEFLR,0.0,0.0,0.0,0.0,0.0
LTGQLFLGGSLVK,0.0,0.0,0.0,0.0,0.0
LTKGDLDWGK,0.0,0.0,0.0,0.0,0.0
LTLDLDDRK,0.0,0.0,0.0,0.0,0.0
LTLEEDVSR,0.0,0.0,0.0,0.0,0.0
LTMFDAK,0.0,0.0,0.0,0.0,0.0
LTPADLETYLLEK,0.0,0.0,0.0,0.0,0.0
LTQLEHEVSSSGQEVQSASK,0.0,0.0,0.0,0.0,0.0
LTRESAPNHHNLLEGNAEDFESSGAGK,0.0,0.0,0.0,0.0,0.0
LTTDELPPHAK,0.0,0.0,0.0,0.0,0.0
LTYELEDEKR,0.0,0.0,0.0,0.0,0.0
LVDLTLAVR,0.0,0.0,0.0,0.0,0.0
LVDQNLFWDLNPK,0.0,0.0,0.0,0.0,0.0
LVEDGLLAR,0.0,0.0,0.0,0.0,0.0
LVENNLFPHYLSR,0.0,0.0,0.0,0.0,0.0
LVESMQSTLDAELR,0.0,0.0,0.0,0.0,0.0
LVGGYTASGDDNK,0.0,0.0,0.0,0.0,0.0
LVLLEGDLER,0.0,0.0,0.0,0.0,0.0
LVNVESAGLAELR,0.0,0.0,0.0,0.0,0.0
LVQVAELELGASQLSMKR,0.0,0.0,0.0,0.0,0.0
LYADAELSQMQTHLSDTSVVLSMDNNR,0.0,0.0,0.0,0.0,0.0
LYELLLTR,0.0,0.0,0.0,0.0,0.0
MDEAVMAWRDLASVEQHLNSHR,0.0,0.0,0.0,0.0,0.0
MEAPKFASFLGQADLK,0.0,0.0,0.0,0.0,0.0
MEAPKFASFLGQATVR,0.0,0.0,0.0,0.0,0.0
MEDPWDTEYQQLLDLK,0.0,0.0,0.0,0.0,0.0
MEGGHVSSSYGPYGSGSGWSSSR,0.0,0.0,0.0,0.0,0.0
MELLDVTLR,0.0,0.0,0.0,0.0,0.0
MFHPSTFVTLK,0.0,0.0,0.0,0.0,0.0
MFSLGCLENK,0.0,0.0,0.0,0.0,0.0
MGHNVPGGK,0.0,0.0,0.0,0.0,0.0
MGKNSELNDMQDLVEDYKK,0.0,0.0,0.0,0.0,0.0
MGNDDGPGLDNMQDLVEDYKK,0.0,0.0,0.0,0.0,0.0
MGSKPAASTDMVEDYR,0.0,0.0,0.0,0.0,0.0
MKSLLLSYEQNQGPVCDHSSPQGGGGGSFGAGGGFGSR,0.0,0.0,0.0,0.0,0.0
MKSQLELELEQFK,0.0,0.0,0.0,0.0,0.0
MMEQQDQVLQTK,0.0,0.0,0.0,0.0,0.0
MNVPLTKPTNEPLFQGYLDKSLR,0.0,0.0,0.0,0.0,0.0
MPENKYEWRTPGSEPPEVSSSWQVQSGTK,0.0,0.0,0.0,0.0,0.0
MPGGYGSGGSSYGSGGGSYGSGGGGGNR,0.0,0.0,0.0,0.0,0.0
MPLEALEDFEK,0.0,0.0,0.0,0.0,0.0
MPQGKSFASFLDKVR,0.0,0.0,0.0,0.0,0.0
MPQLSFASFLGKDGVR,0.0,0.0,0.0,0.0,0.0
MQCPAMDSEGGK,0.0,0.0,0.0,0.0,0.0
MQYQLSQLQAQLSALEEQLQQLR,0.0,0.0,0.0,0.0,0.0
MQYQLSQLQAQLSALEEQLRNVR,0.0,0.0,0.0,0.0,0.0
MSAPLEFASFLDK,0.0,0.0,0.0,0.0,0.0
MSCNYVSWLGK,0.0,0.0,0.0,0.0,0.0
MSEPGYRMRWRYGGGFAGGDLGLVGSEK,0.0,0.0,0.0,0.0,0.0
MSVEADRPATKR,0.0,0.0,0.0,0.0,0.0
MSVEADRTKAPR,0.0,0.0,0.0,0.0,0.0
MTDPALLSSPYFYWYYWQMAGYLENK,0.0,0.0,0.0,0.0,0.0
MTGFELGDTLK,0.0,0.0,0.0,0.0,0.0
MTLYLEPYFESFLNRAR,0.0,0.0,0.0,0.0,0.0
MTPHLEPYFESFLLNNR,0.0,0.0,0.0,0.0,0.0
MTSSATTLDDFR,0.0,0.0,0.0,0.0,0.0
MTSSLLQQVDTSTR,0.0,0.0,0.0,0.0,0.0
MTVLTTDAAMKLLAYGNETNK,0.0,0.0,0.0,0.0,0.0
MVGHSKLESMSTEELAYLKR,0.0,0.0,0.0,0.0,0.0
MVPEKLEDALQQAK,0.0,0.0,0.0,0.0,0.0
MWWFSSSYGPYGSGSGVSSSSR,0.0,0.0,0.0,0.0,0.0
NAGDALANVEMDAAPGVDTVR,0.0,0.0,0.0,0.0,0.0
NAGQHELELELQSQLSK,0.0,0.0,0.0,0.0,0.0
NAPLTGYTSNMCYCAGYLEGGK,0.0,0.0,0.0,0.0,0.0
NAPLTSNMSCMHVCAGYLEGGK,0.0,0.0,0.0,0.0,0.0
NATNDVNVEMDAAPRDLSR,0.0,0.0,0.0,0.0,0.0
NAVNDVNVEMDAAPRDLSR,0.0,0.0,0.0,0.0,0.0
NDANNLNVVEGDAVSFLSASK,0.0,0.0,0.0,0.0,0.0
NDLMLLGK,0.0,0.0,0.0,0.0,0.0
NDNEEGFAYAR,0.0,0.0,0.0,0.0,0.0
NEMEYSLLLSLK,0.0,0.0,0.0,0.0,0.0
NFGGFGGGAGGGDGGLLTANEK,0.0,0.0,0.0,0.0,0.0
NFVLLDGETFEVK,0.0,0.0,0.0,0.0,0.0
NGFSSGGFSGGSFSR,0.0,0.0,0.0,0.0,0.0
NGGGGLGSLSNR,0.0,0.0,0.0,0.0,0.0
NGGGGSDRNGNDGSGGGSYGSGGGGGNR,0.0,0.0,0.0,0.0,0.0
NGGHGGFGGGGFGSR,0.0,0.0,0.0,0.0,0.0
NGLPAKGGTLDDFR,0.0,0.0,0.0,0.0,0.0
NGMQDLVEDLK,0.0,0.0,0.0,0.0,0.0
NGNHGFGGGGFSGR,0.0,0.0,0.0,0.0,0.0
NGPMYGSGSGSYGSGGGSYGSGGGGGGGR,0.0,0.0,0.0,0.0,0.0
NGVVPPPLSGGGGGGGR,0.0,0.0,0.0,0.0,0.0
NHVQELELELAGSAGLSK,0.0,0.0,0.0,0.0,0.0
NKMLNTKLELELEDSLK,0.0,0.0,0.0,0.0,0.0
NKPGVYTNAVHHYVSGELK,0.0,0.0,0.0,0.0,0.0
NLLLTTDNANLLLQLDNAR,0.0,0.0,0.0,0.0,0.0
NLSLSMVPALNAGTQGCLLSGWGNTK,0.0,0.0,0.0,0.0,0.0
NLSVNLQASNYNNKLDEDFHYGSNTYK,0.0,0.0,0.0,0.0,0.0
NNGHGFGGGGFSGR,0.0,0.0,0.0,0.0,0.0
NNMQDLVEDYKK,0.0,0.0,0.0,0.0,0.0
NNPVLIGEPGVGK,0.0,0.0,0.0,0.0,0.0
NNWTELELKEGGQEDFESSGAGK,0.0,0.0,0.0,0.0,0.0
NPNLELSELNR,0.0,0.0,0.0,0.0,0.0
NPQPNDLPVLK,0.0,0.0,0.0,0.0,0.0
NPQSASLEEEKYDMQSR,0.0,0.0,0.0,0.0,0.0
NQCPSYNSNTLNNDLMLLK,0.0,0.0,0.0,0.0,0.0
NQFASFLDKVR,0.0,0.0,0.0,0.0,0.0
NQLEPLFEQLYNNLR,0.0,0.0,0.0,0.0,0.0
NQLEVPEDALQQAKEDLAR,0.0,0.0,0.0,0.0,0.0
NQLNLLTTDNANLLLQMPNVK,0.0,0.0,0.0,0.0,0.0
NQTREEEKLELLEGANEDFESSGAGK,0.0,0.0,0.0,0.0,0.0
NQYQTVNLGGSK,0.0,0.0,0.0,0.0,0.0
NSAGPLGATGSDWAGR,0.0,0.0,0.0,0.0,0.0
NSAPTLEEKLQQLR,0.0,0.0,0.0,0.0,0.0
NSGFSSGSAGLLTTSGSK,0.0,0.0,0.0,0.0,0.0
NSGGGGGLGSGEKR,0.0,0.0,0.0,0.0,0.0
NSGNGGGLGSVNTR,0.0,0.0,0.0,0.0,0.0
NSGVEALLHVVVR,0.0,0.0,0.0,0.0,0.0
NSGVLELSEVGAR,0.0,0.0,0.0,0.0,0.0
NSLGLELDTLNR,0.0,0.0,0.0,0.0,0.0
NSNTLGGNDLMLLK,0.0,0.0,0.0,0.0,0.0
NSPVASEKSLSDAEQR,0.0,0.0,0.0,0.0,0.0
NSQFEVVGQVNVEMDANAVQALEK,0.0,0.0,0.0,0.0,0.0
NSQTSELNNMQDLVEDYK,0.0,0.0,0.0,0.0,0.0
NSVNSHTLGR,0.0,0.0,0.0,0.0,0.0
NTDTLEALYHSK,0.0,0.0,0.0,0.0,0.0
NTMNKSKLELELKDSNK,0.0,0.0,0.0,0.0,0.0
NTYEQLANQER,0.0,0.0,0.0,0.0,0.0
NVTAPRLERGPLFQGYLDKVTR,0.0,0.0,0.0,0.0,0.0
NYAFYKNGLGCQTFVYGCNR,0.0,0.0,0.0,0.0,0.0
NYSPYYNTLVMLQDQLVDLTVGNNK,0.0,0.0,0.0,0.0,0.0
NYTLDDLKDQLVDLTVGNNK,0.0,0.0,0.0,0.0,0.0
PLFEQYLNNLR,0.0,0.0,0.0,0.0,0.0
PQAWLERSKEPLFQGYLDKSLR,0.0,0.0,0.0,0.0,0.0
PYFESFLMPLR,0.0,0.0,0.0,0.0,0.0
QAAAAQKLELQTNLALK,0.0,0.0,0.0,0.0,0.0
QAAAGALELELQSQLALK,0.0,0.0,0.0,0.0,0.0
QAAQALELELQKSLSPK,0.0,0.0,0.0,0.0,0.0
QAEYDLAQK,0.0,0.0,0.0,0.0,0.0
QAGALLASLEEQLQQLR,0.0,0.0,0.0,0.0,0.0
QAPNGNAPYFESFLNNLR,0.0,0.0,0.0,0.0,0.0
QATAVFVVYALK,0.0,0.0,0.0,0.0,0.0
QAVGKELTLTK,0.0,0.0,0.0,0.0,0.0
QDAGEDPGLAR,0.0,0.0,0.0,0.0,0.0
QDEGFAYAR,0.0,0.0,0.0,0.0,0.0
QDEGFYAAR,0.0,0.0,0.0,0.0,0.0
QDLEMQLELSKEELAYLK,0.0,0.0,0.0,0.0,0.0
QDLPDKLESMSTEELAYLK,0.0,0.0,0.0,0.0,0.0
QDNPDQPVEVQSSAK,0.0,0.0,0.0,0.0,0.0
QDNSGDAFFTK,0.0,0.0,0.0,0.0,0.0
QDPSMQTALAEGSSPR,0.0,0.0,0.0,0.0,0.0
QELSLPTWMLLQCLLSGWGNTK,0.0,0.0,0.0,0.0,0.0
QENLPLK,0.0,0.0,0.0,0.0,0.0
QENMPYETKLTQLEHEVSSSGQEVQSGTK,0.0,0.0,0.0,0.0,0.0
QEPSDSNNFLLNR,0.0,0.0,0.0,0.0,0.0
QEYEKLLAGNNR,0.0,0.0,0.0,0.0,0.0
QFYPDLLR,0.0,0.0,0.0,0.0,0.0
QGASPVLQLWR,0.0,0.0,0.0,0.0,0.0
QGEMLVVYVVASHVK,0.0,0.0,0.0,0.0,0.0
QGFTQQLEELKR,0.0,0.0,0.0,0.0,0.0
QGGEEDFESSGAGK,0.0,0.0,0.0,0.0,0.0
QGGFASFLDK,0.0,0.0,0.0,0.0,0.0
QGGSEFVSGELGK,0.0,0.0,0.0,0.0,0.0
QGGVAPKFKNQSQLALK,0.0,0.0,0.0,0.0,0.0
QGGVDNVNVEMDAAPRDLSR,0.0,0.0,0.0,0.0,0.0
QGLEVAFR,0.0,0.0,0.0,0.0,0.0
QGLLLQLDNAR,0.0,0.0,0.0,0.0,0.0
QGLLQAELEELR,0.0,0.0,0.0,0.0,0.0
QGLPDYALGSGGCAQK,0.0,0.0,0.0,0.0,0.0
QGNQEYQVLLDVR,0.0,0.0,0.0,0.0,0.0
QGTAADANVEMDAAPGVDLSR,0.0,0.0,0.0,0.0,0.0
QGTDNVNVEMDAAPRDLSR,0.0,0.0,0.0,0.0,0.0
QGTVQQVYNSVGALAK,0.0,0.0,0.0,0.0,0.0
QGVDNVNVEMDAAPRDLSR,0.0,0.0,0.0,0.0,0.0
QGVGLVSWGSCNAQK,0.0,0.0,0.0,0.0,0.0
QGVGLVSWGSGGCAQK,0.0,0.0,0.0,0.0,0.0
QKVLSCRPMEK,0.0,0.0,0.0,0.0,0.0
QLAALLAPAAAALVAGPK,0.0,0.0,0.0,0.0,0.0
QLDTSANLLLQLDNAR,0.0,0.0,0.0,0.0,0.0
QLETVSVVGSGCGAQK,0.0,0.0,0.0,0.0,0.0
QLGGGLSSVGGGTSSLK,0.0,0.0,0.0,0.0,0.0
QLGGTELEDALQQAK,0.0,0.0,0.0,0.0,0.0
QLGGTELEEALQQAK,0.0,0.0,0.0,0.0,0.0
QLGKTGSMGAVLDTK,0.0,0.0,0.0,0.0,0.0
QLGLVNQDDSAQK,0.0,0.0,0.0,0.0,0.0
QLGLVSADGSTEAAGK,0.0,0.0,0.0,0.0,0.0
QLGLVSWGSGCSSMCK,0.0,0.0,0.0,0.0,0.0
QLGLVSWGSGGCAEK,0.0,0.0,0.0,0.0,0.0
QLGLVSWGSGGCAQGK,0.0,0.0,0.0,0.0,0.0
QLGLVSWGSNPNGK,0.0,0.0,0.0,0.0,0.0
QLGLVSWMGDECVK,0.0,0.0,0.0,0.0,0.0
QLGVLSWGSGGCCQK,0.0,0.0,0.0,0.0,0.0
QLGVMVSVSGSGCCQK,0.0,0.0,0.0,0.0,0.0
QLLFTADNR,0.0,0.0,0.0,0.0,0.0
QLNLQLSVDQHGDNLK,0.0,0.0,0.0,0.0,0.0
QLQNLLPASTQAK,0.0,0.0,0.0,0.0,0.0
QLQVLVLSR,0.0,0.0,0.0,0.0,0.0
QLRTGQQSLSDAEQR,0.0,0.0,0.0,0.0,0.0
QLSETNVLLDMSNNR,0.0,0.0,0.0,0.0,0.0
QLSNLQQSLSDAEGLR,0.0,0.0,0.0,0.0,0.0
QLSNLQQSLSDMAPGK,0.0,0.0,0.0,0.0,0.0
QLSPFKQSLSDAEQR,0.0,0.0,0.0,0.0,0.0
QLSPLTNYNKHRYGEAGPSGPAGEAPGK,0.0,0.0,0.0,0.0,0.0
QLSYLDQVQALEVTNNDLENK,0.0,0.0,0.0,0.0,0.0
QLVESDLNVTR,0.0,0.0,0.0,0.0,0.0
QMHGDYVDTVQK,0.0,0.0,0.0,0.0,0.0
QMLMLKTNLTNSNYSPHPNK,0.0,0.0,0.0,0.0,0.0
QMMYVSVEAK,0.0,0.0,0.0,0.0,0.0
QMNYVDATSTK,0.0,0.0,0.0,0.0,0.0
QMNYVPSVMK,0.0,0.0,0.0,0.0,0.0
QNATAVEMDYLK,0.0,0.0,0.0,0.0,0.0
QNDSTEELAYLK,0.0,0.0,0.0,0.0,0.0
QNGAAAMWLAEVLNQLK,0.0,0.0,0.0,0.0,0.0
QNGGGDGGLLTANEK,0.0,0.0,0.0,0.0,0.0
QNHVELELELQSQLSK,0.0,0.0,0.0,0.0,0.0
QNNLLQEATNK,0.0,0.0,0.0,0.0,0.0
QNRLQMLGATYR,0.0,0.0,0.0,0.0,0.0
QNTTELDPNLEQLSSYK,0.0,0.0,0.0,0.0,0.0
QNVALELELDPGKLTRYKSLEASLAETEGR,0.0,0.0,0.0,0.0,0.0
QNVANKLSGLQSQLALK,0.0,0.0,0.0,0.0,0.0
QNYSASSLGWFGER,0.0,0.0,0.0,0.0,0.0
QPLLSDSSACWMHAGYLEGGK,0.0,0.0,0.0,0.0,0.0
QQSLELEDALQQAK,0.0,0.0,0.0,0.0,0.0
QQVTELEEALQQAK,0.0,0.0,0.0,0.0,0.0
QRSLELSELNR,0.0,0.0,0.0,0.0,0.0
QSAEGGEFVTLK,0.0,0.0,0.0,0.0,0.0
QSAYNAYETLK,0.0,0.0,0.0,0.0,0.0
QSELAQLSQLAGR,0.0,0.0,0.0,0.0,0.0
QSEYQLLLDVK,0.0,0.0,0.0,0.0,0.0
QSFRELELELQSQLSK,0.0,0.0,0.0,0.0,0.0
QSKLNVNNSDTLDNDLMLLK,0.0,0.0,0.0,0.0,0.0
QSLLTPLNLQLDTVPQR,0.0,0.0,0.0,0.0,0.0
QSPNPHLTSNMFGCAGYLEGGK,0.0,0.0,0.0,0.0,0.0
QSVEADVEVAR,0.0,0.0,0.0,13458000.0,0.0
QSVQLQQSLSDAEQR,0.0,0.0,0.0,0.0,0.0
QSYEQLAEAGNR,0.0,0.0,0.0,0.0,0.0
QSYQELPNRSSGK,0.0,0.0,0.0,0.0,0.0
QTCNNYTPQFQLREMSSSYYATPQK,0.0,0.0,0.0,0.0,0.0
QTGTKTGHMSGSGNTK,0.0,0.0,0.0,0.0,0.0
QTVDPLDSLLDKFR,0.0,0.0,0.0,0.0,0.0
QTYTFTLHANR,0.0,0.0,0.0,0.0,0.0
QVAGNLQSGNDLENK,0.0,0.0,0.0,0.0,0.0
QVALEEADNNLENK,0.0,0.0,0.0,0.0,0.0
QVALEELNNDLENK,0.0,0.0,0.0,0.0,0.0
QVDALELELQSQLALK,0.0,0.0,0.0,0.0,0.0
QVDGLLVLDLVR,0.0,0.0,0.0,0.0,0.0
QVDLAEYTQQAK,0.0,0.0,0.0,0.0,0.0
QVDNVVEGNEQFLSASK,0.0,0.0,0.0,0.0,0.0
QVEDGGLNVVEGWGQFLSASGGK,0.0,0.0,0.0,0.0,0.0
QVEPYFESFLPGTNK,0.0,0.0,0.0,0.0,0.0
QVEQLSSYK,0.0,0.0,0.0,0.0,0.0
QVGGDNEEGFFSAR,0.0,0.0,0.0,0.0,0.0
QVLGLELELQSQLSMK,0.0,0.0,0.0,0.0,0.0
QVLLQVGVLGDAQAFSK,0.0,0.0,0.0,0.0,0.0
QVLLQVRLNEAQFSK,0.0,0.0,0.0,0.0,0.0
QVLTKAAEEGGK,0.0,0.0,0.0,0.0,0.0
QVLTSGDGGGLVK,0.0,0.0,0.0,0.0,0.0
QVVDSAYEVLK,0.0,0.0,0.0,0.0,0.0
QYEELMNTK,0.0,0.0,0.0,0.0,0.0
QYPLYDLDLGK,0.0,0.0,0.0,0.0,0.0
RADLEDALEQAKEDLAR,0.0,0.0,0.0,0.0,0.0
RATLEWLQQAK,0.0,0.0,0.0,0.0,0.0
RCGDYVSWLK,0.0,0.0,0.0,0.0,0.0
RDSPPLETVLLGLLK,0.0,0.0,0.0,0.0,0.0
REEKLKPCDQLFASFLDK,0.0,0.0,0.0,0.0,0.0
RELLVLSMPNELDGLQK,0.0,0.0,0.0,0.0,0.0
RENFHVLVEGLMTTVHALTATQK,0.0,0.0,0.0,0.0,0.0
RFLGPGLEK,0.0,0.0,0.0,0.0,0.0
RGAVLLAPAAAALVAGPK,0.0,0.0,0.0,0.0,0.0
RGDFNLNDLRASYLDKVR,0.0,0.0,0.0,0.0,0.0
RGMRETFSSGGFSGGSFSR,0.0,0.0,0.0,0.0,0.0
RGQDALADAEQRWWLQHAR,0.0,0.0,0.0,0.0,0.0
RGTLPNVNLEPLFQGYLDKVTR,0.0,0.0,0.0,0.0,0.0
RHEPYAVSVLLR,0.0,0.0,0.0,0.0,0.0
RHESSGSAAVLNPFGER,0.0,0.0,0.0,0.0,0.0
RHKELRELCQSQLSK,0.0,0.0,0.0,0.0,0.0
RLDEVLLR,0.0,0.0,0.0,0.0,0.0
RLLEENLQTYR,0.0,0.0,0.0,0.0,0.0
RLLQEPSDSPMFLLNR,0.0,0.0,0.0,0.0,0.0
RLLSYPESFR,0.0,0.0,0.0,0.0,0.0
RLMLSLPSSHPR,0.0,0.0,0.0,0.0,0.0
RLMSNPVSSKMSGDDLLSGWGNTK,0.0,0.0,0.0,0.0,0.0
RNGANLQQVDTSTR,0.0,0.0,0.0,0.0,0.0
RPGDLQQSLSDAEQR,0.0,0.0,0.0,0.0,0.0
RSFSSSGGNGNR,0.0,0.0,0.0,0.0,0.0
RTGSGGSMKFPFVDLLLATEEGFK,0.0,0.0,0.0,0.0,0.0
RTLEQELRYTAR,0.0,0.0,0.0,0.0,0.0
RTLEWSYEKNQHRKFHSECGGGGGSFGAGGGFGSR,0.0,0.0,0.0,0.0,0.0
RTVNNSNKTTPYVKCMWESHYGSNTYK,0.0,0.0,0.0,0.0,0.0
RVFLAADDFR,0.0,0.0,0.0,0.0,0.0
RYWTFDLY,0.0,0.0,0.0,0.0,0.0
SAGDANVNVEMDAAPVGDLSR,0.0,0.0,0.0,0.0,0.0
SALKAHLLDKVR,0.0,0.0,0.0,0.0,0.0
SALSGHLESLLLGLLK,0.0,0.0,0.0,0.0,0.0
SAYPGKLTSNMRGNWMLHDGEEAGYLENK,0.0,0.0,0.0,0.0,0.0
SAYPGQLTSNMFNSAGYLEGGK,0.0,0.0,0.0,0.0,0.0
SAYPKGLTSNMFCGAGYLEGGQDSWEFMNSAHNR,0.0,0.0,0.0,0.0,0.0
SDHHPLDSELKNMKDETEDRYR,0.0,0.0,0.0,0.0,0.0
SEGTSYPDVLK,0.0,0.0,0.0,0.0,0.0
SELDNVK,0.0,0.0,0.0,0.0,0.0
SENSPNQGGGDARLTAAGDK,0.0,0.0,0.0,0.0,0.0
SFPQTHDFQSSPLVVSSGSGASSR,0.0,0.0,0.0,0.0,0.0
SFVSENLGEAAK,0.0,0.0,0.0,0.0,0.0
SFYPANLTSNMFDNYNQGGKDSWEFMNDFFR,0.0,0.0,0.0,0.0,0.0
SGGSFKDSAKSSGGFSGFGSSR,0.0,0.0,0.0,0.0,0.0
SGNLGGGFSSGGFSNYASR,0.0,0.0,0.0,0.0,0.0
SGPALNVAVVHFR,0.0,0.0,0.0,0.0,0.0
SHANLEPYFESFLNNLR,0.0,0.0,0.0,0.0,0.0
SLDLALLMARFASLDLDSLLAEVK,0.0,0.0,0.0,0.0,0.0
SLDLSLDLAEVGK,0.0,0.0,0.0,0.0,0.0
SLGNFSSGGFSGGSFSR,0.0,0.0,0.0,0.0,0.0
SLLAEVK,0.0,0.0,0.0,0.0,0.0
SLLAQHHVAPR,0.0,0.0,0.0,0.0,0.0
SLLTPLNLQLDPAEKR,0.0,0.0,0.0,0.0,0.0
SLLTPLNLQLDSPPKR,0.0,0.0,0.0,0.0,0.0
SLNNQFASFLQVTAR,0.0,0.0,0.0,0.0,0.0
SLSCELGNLSLQSQLSK,0.0,0.0,0.0,0.0,0.0
SLSLCLNDASAGTQCGLLSGWGNTK,0.0,0.0,0.0,0.0,0.0
SLTEELAYLKGK,0.0,0.0,0.0,0.0,0.0
SLVNLMLQSLSLSVAR,0.0,0.0,0.0,0.0,0.0
SMEDKLLGTLR,0.0,0.0,0.0,0.0,0.0
SMQSMAPNVSVWSTSHTTLDMVR,0.0,0.0,0.0,0.0,0.0
SMSTELMNTK,0.0,0.0,0.0,0.0,0.0
SNGDVNVELNVAPGK,0.0,0.0,0.0,0.0,0.0
SNHGDVPASFLDK,0.0,0.0,0.0,0.0,0.0
SNLANLQQSLSDAEQR,0.0,0.0,0.0,0.0,0.0
SNLCGANVPGAFDVLSNLEAQLTDVR,0.0,0.0,0.0,0.0,0.0
SNLLELR,0.0,0.0,0.0,0.0,0.0
SNWALDAEGASAPLMELLHSR,0.0,0.0,0.0,0.0,0.0
SPAHNHAALTQGQALAALR,0.0,0.0,0.0,0.0,0.0
SPASLNSR,0.0,0.0,0.0,0.0,0.0
SPELELLMPDEGALSSYK,0.0,0.0,0.0,0.0,0.0
SPGGGGGGLGSGGSLR,0.0,0.0,0.0,0.0,0.0
SPGGGGGGLGSNTVR,0.0,0.0,0.0,0.0,0.0
SPGQAAVAESAFATEELAYLK,0.0,0.0,0.0,0.0,0.0
SPGVLSKCELLQEAADVAHR,0.0,0.0,0.0,0.0,0.0
SPHPGQLTSNMFSCCGYLEGGK,0.0,0.0,0.0,0.0,0.0
SPNFSSGSAGLKFDQR,0.0,0.0,0.0,0.0,0.0
SPSYLDKVRRQATANNDLENK,0.0,0.0,0.0,0.0,0.0
SPYPQGLTSNMSGYAGYLEGGK,0.0,0.0,0.0,0.0,0.0
SPYYNTLDDLK,0.0,0.0,0.0,0.0,0.0
SSADSYPDVLK,0.0,0.0,0.0,0.0,0.0
SSFPLTLNAYPLFK,0.0,0.0,0.0,0.0,0.0
SSFPLTLNTYTPLFK,0.0,0.0,0.0,0.0,0.0
SSGDCEPNVSVSVSTSHTTLDMVR,0.0,0.0,0.0,0.0,0.0
SSGEGTSYPDVLK,0.0,0.0,0.0,0.0,0.0
SSGMGYPDVLGCPPHK,0.0,0.0,0.0,0.0,0.0
SSGSSKLALK,0.0,0.0,0.0,0.0,0.0
SSGSSYPDVLK,0.0,0.0,0.0,0.0,0.0
SSKELLGAQVDTDTK,0.0,0.0,0.0,0.0,0.0
SSSGAGGKGMNVK,0.0,0.0,0.0,0.0,0.0
SSSSGSVGESSSGPK,0.0,0.0,0.0,0.0,0.0
SSSVGLLCAFSSGGFSGGFSSR,0.0,0.0,0.0,0.0,0.0
SWEYGSNQCGYGGLGGFGGGSFR,0.0,0.0,0.0,0.0,0.0
TAAAGDEFVTLKK,0.0,0.0,0.0,0.0,0.0
TAAEDDFVTLK,0.0,0.0,0.0,0.0,0.0
TAAENEVFALKK,0.0,0.0,0.0,0.0,0.0
TAAETMSGVTLK,0.0,0.0,0.0,0.0,0.0
TAAPLNLALCSFASFLDKVR,0.0,0.0,0.0,0.0,0.0
TAEPVLAFYK,0.0,0.0,0.0,0.0,0.0
TAGPGEASLAGTNGDK,0.0,0.0,0.0,0.0,0.0
TALEVSLDSK,0.0,0.0,0.0,0.0,0.0
TAMKKGGCLALR,0.0,0.0,0.0,0.0,0.0
TANPNSLEEEKYDMSGAR,0.0,0.0,0.0,0.0,0.0
TAPCGEKLSNLEAGALTDVR,0.0,0.0,0.0,0.0,0.0
TAVEGNLAETENR,0.0,0.0,0.0,0.0,0.0
TAVLEEEGSR,0.0,0.0,0.0,0.0,0.0
TDEEGTLLNFLR,0.0,0.0,0.0,0.0,0.0
TDLDNVKK,0.0,0.0,0.0,0.0,0.0
TDNEASLAETEGR,0.0,0.0,0.0,0.0,0.0
TDYTLSLQGR,0.0,0.0,0.0,0.0,0.0
TEEQAAAQFK,0.0,0.0,0.0,0.0,0.0
TEMTFSAR,0.0,0.0,0.0,0.0,0.0
TFTTAAFR,0.0,0.0,0.0,0.0,0.0
TGCSNYVSEGLGK,0.0,0.0,0.0,0.0,0.0
TGDTLWGLQK,0.0,0.0,0.0,0.0,0.0
TGGAENEFVTLK,0.0,0.0,0.0,0.0,0.0
TGGGCTTPFLSK,0.0,0.0,0.0,0.0,0.0
TGGLTSNLELELQSQLSMK,0.0,0.0,0.0,0.0,0.0
TGMYEMSADLK,0.0,0.0,0.0,0.0,0.0
TGSPLQHLRQQAK,0.0,0.0,0.0,0.0,0.0
TGSSSYPDVLAK,0.0,0.0,0.0,0.0,0.0
TGVLTTVSLYDHR,0.0,0.0,0.0,0.0,0.0
THGGLEPYFESFLMLPR,0.0,0.0,0.0,0.0,0.0
THLSDTSVVLSMDMPR,0.0,0.0,0.0,0.0,0.0
THNLEPSSHAESFLNNLR,0.0,0.0,0.0,0.0,0.0
THNLEPYFEHLNPPKASR,0.0,0.0,0.0,0.0,0.0
TLADLEDALGGGPVK,0.0,0.0,0.0,0.0,0.0
TLAFPPGAGGQTYR,0.0,0.0,0.0,0.0,0.0
TLATATTELDPMLEQLSSYK,0.0,0.0,0.0,0.0,0.0
TLATEQNLR,0.0,0.0,0.0,0.0,0.0
TLDNLTLVTTDLEQEVHGPPGR,0.0,0.0,0.0,0.0,0.0
TLGPVKLELGGK,0.0,0.0,0.0,0.0,0.0
TLKKPETEEELR,0.0,0.0,0.0,0.0,0.0
TLLDLDAGSR,0.0,0.0,0.0,0.0,0.0
TLLDLEGASR,0.0,0.0,0.0,0.0,0.0
TLLDLGWEK,0.0,0.0,0.0,0.0,0.0
TLLLMHCLEFLK,0.0,0.0,0.0,0.0,0.0
TLMGEMVPNFLR,0.0,0.0,0.0,0.0,0.0
TLNDVDKEYNDLTLAK,0.0,0.0,0.0,0.0,0.0
TLNVESQLAELR,0.0,0.0,0.0,0.0,0.0
TLRSEKLNVNAQLLQLDNAR,0.0,0.0,0.0,0.0,0.0
TLWSFHDLLEGGQEDFESSGAGK,0.0,0.0,0.0,0.0,0.0
TNLQAQLSALEESGPK,0.0,0.0,0.0,0.0,0.0
TNVEADLDGLR,0.0,0.0,0.0,0.0,0.0
TNVEADLNGLR,0.0,0.0,0.0,0.0,0.0
TNYLDDLK,0.0,0.0,0.0,0.0,0.0
TPGECDMYLSLLLNR,0.0,0.0,0.0,0.0,0.0
TPKQYAGVVAMQSLQLSLGVR,0.0,0.0,0.0,0.0,0.0
TPLNLKLDGPNANK,0.0,0.0,0.0,0.0,0.0
TPVVALKELGGK,0.0,0.0,0.0,0.0,0.0
TQHLSDTSVVLSMDMPR,0.0,0.0,0.0,0.0,0.0
TQVEADVDAVR,0.0,0.0,0.0,0.0,0.0
TRLEEELATYR,0.0,0.0,0.0,0.0,0.0
TRLSLQAMDASAGTQCGLLSGWGNTK,0.0,0.0,0.0,0.0,0.0
TSAPNRNFQDLVEDFK,0.0,0.0,0.0,0.0,0.0
TSELHLLVR,0.0,0.0,0.0,0.0,0.0
TSELHLVLR,0.0,0.0,0.0,0.0,0.0
TSMQELDSR,0.0,0.0,0.0,0.0,0.0
TSNLPLATYPDALK,0.0,0.0,0.0,0.0,0.0
TSSSEDLAQK,0.0,0.0,0.0,0.0,0.0
TTAENEFVYPK,0.0,0.0,0.0,1691600.0,0.0
TTAESPYAAMLK,0.0,0.0,0.0,0.0,0.0
TTALDSQR,0.0,0.0,0.0,0.0,0.0
TTGNAMQYETLQEELMALKK,0.0,0.0,0.0,0.0,0.0
TTLTAALATVLSAK,0.0,0.0,0.0,0.0,0.0
TVANEASLAETEGR,0.0,0.0,0.0,0.0,0.0
TVDPEALLAGGAEVK,0.0,0.0,0.0,0.0,0.0
TVEASQLAETEGR,0.0,0.0,0.0,0.0,0.0
TVEDKLLK,0.0,0.0,0.0,0.0,0.0
TVELDAELSLVK,0.0,0.0,0.0,0.0,0.0
TVFFEALTAGSNK,0.0,0.0,0.0,0.0,0.0
TVGDALLHALLR,0.0,0.0,0.0,0.0,0.0
TVGLSLPTSPFMDNDLLSGWGNTK,0.0,0.0,0.0,0.0,0.0
TVGTPLEGVAELGR,0.0,0.0,0.0,0.0,0.0
TVKEDVGAETEGR,0.0,0.0,0.0,0.0,0.0
TVLAADEALAEVR,0.0,0.0,0.0,0.0,0.0
TVLEQGDAK,0.0,0.0,0.0,0.0,0.0
TVSCLGKMATNGNTSSTLSSNVASK,0.0,0.0,0.0,0.0,0.0
TVSLEKLGDGAK,0.0,0.0,0.0,0.0,0.0
TVSLSVAGGGGGFGAAGGFGGR,0.0,0.0,0.0,0.0,0.0
TVTLLPLR,0.0,0.0,0.0,0.0,0.0
TVVHHATVDNAPANDDLMLLK,0.0,0.0,0.0,0.0,0.0
TYLLSSLLPQGAFNYK,0.0,0.0,0.0,0.0,0.0
TYTETLEK,0.0,0.0,0.0,0.0,0.0
VAAEGLVAVESQR,0.0,0.0,0.0,0.0,0.0
VAAELEGALQK,0.0,0.0,0.0,0.0,0.0
VAAGLAVLSLYASGR,0.0,0.0,0.0,0.0,0.0
VAAGLVSEGMGSGCAQK,0.0,0.0,0.0,0.0,0.0
VAALDVEFTSLR,0.0,0.0,0.0,0.0,0.0
VAASDEDTLLELLASR,0.0,0.0,0.0,0.0,0.0
VAASDESELLELLASR,0.0,0.0,0.0,0.0,0.0
VAEDCCNTEYQQLLDLK,0.0,0.0,0.0,0.0,0.0
VAELGSTTPR,0.0,0.0,0.0,0.0,0.0
VAELSTGTPR,0.0,0.0,0.0,0.0,0.0
VAGGLEQLMQLEFGR,0.0,0.0,0.0,0.0,0.0
VAGYLANALAHK,0.0,0.0,0.0,0.0,0.0
VAHVDDMPNALSALSDLHAHK,0.0,0.0,0.0,0.0,0.0
VAKVVYPWTQR,0.0,0.0,0.0,0.0,0.0
VALQAVLSLYASGR,0.0,0.0,0.0,0.0,0.0
VALTGAADK,0.0,0.0,0.0,0.0,0.0
VANDLEDALQEAK,0.0,0.0,0.0,0.0,0.0
VAQGLVSWGSDCAQK,0.0,0.0,0.0,0.0,0.0
VASLSLPTLLK,0.0,0.0,0.0,0.0,0.0
VAVWFKSVEADLNPTK,0.0,0.0,0.0,0.0,0.0
VCGDYVSGKGGK,0.0,0.0,0.0,0.0,0.0
VCGGYVLVACK,0.0,0.0,0.0,0.0,0.0
VCGNYGVVVMGK,0.0,0.0,0.0,0.0,0.0
VCGNYVPSVMK,0.0,0.0,0.0,0.0,0.0
VCNYVSKGNK,0.0,0.0,0.0,0.0,0.0
VCSSCVSEGLK,0.0,0.0,0.0,0.0,0.0
VDELATYR,0.0,0.0,0.0,0.0,0.0
VDFLSKKLELELETVDK,0.0,0.0,0.0,0.0,0.0
VDLCAFAAREFLK,0.0,0.0,0.0,0.0,0.0
VDLLHATSDGDVLK,0.0,0.0,0.0,0.0,0.0
VDLLQSSGFEFLK,0.0,0.0,0.0,0.0,0.0
VDLNAGVLNETR,0.0,0.0,0.0,0.0,0.0
VDLVLEK,0.0,0.0,0.0,0.0,0.0
VDNLMQTLLGGK,0.0,0.0,0.0,0.0,0.0
VDPLAGPLNVELDPELQK,0.0,0.0,0.0,0.0,0.0
VDPLKMTLPLNVELDAMHKKVK,0.0,0.0,0.0,0.0,0.0
VDYLEFSR,0.0,0.0,0.0,0.0,0.0
VEELALLHKLMLALDLELATYR,0.0,0.0,0.0,0.0,0.0
VEHGLSLLQPYASLQEQEQGQVQSR,0.0,0.0,0.0,0.0,0.0
VFADYESYVK,0.0,0.0,0.0,0.0,0.0
VFLEAALAR,0.0,0.0,0.0,0.0,0.0
VFLELNVR,0.0,0.0,0.0,0.0,0.0
VFQHLSNLQVLR,0.0,0.0,0.0,0.0,0.0
VGCNYVSGELK,0.0,0.0,0.0,0.0,0.0
VGCNYVVGVMK,0.0,0.0,0.0,0.0,0.0
VGPGLVSWGSCNAQK,0.0,0.0,0.0,0.0,0.0
VGPNDLMLLK,0.0,0.0,0.0,0.0,0.0
VGVGLPNSR,0.0,0.0,0.0,0.0,0.0
VHYPSPGGQPLLEEMYWQHDMGAGYLENK,0.0,0.0,0.0,0.0,0.0
VKATHTNLEPYFESFLNNLR,0.0,0.0,0.0,0.0,0.0
VLAPSRMPTVTTLHHPR,0.0,0.0,0.0,0.0,0.0
VLDDLSLLR,0.0,0.0,0.0,0.0,0.0
VLDELTLRTK,0.0,0.0,0.0,0.0,0.0
VLDELTLSAK,0.0,0.0,0.0,0.0,0.0
VLGADNLFSFYLSR,0.0,0.0,0.0,0.0,0.0
VLGGYNQWECK,0.0,0.0,0.0,0.0,0.0
VLLAVLADVGNSENQLDQYFR,0.0,0.0,0.0,0.0,0.0
VLLDELTTK,0.0,0.0,0.0,0.0,0.0
VLLDGNPLTLFEAGR,0.0,0.0,0.0,0.0,0.0
VLLDNGPLTEYKPR,0.0,0.0,0.0,0.0,0.0
VLLEDTLSK,0.0,0.0,0.0,0.0,0.0
VLLEVAQKLGENNNK,0.0,0.0,0.0,0.0,0.0
VLLNNGPLTLFGAEDRPSK,0.0,0.0,0.0,0.0,0.0
VLLSMDDNR,0.0,0.0,0.0,0.0,0.0
VLLSNTPLLEGSPR,0.0,0.0,0.0,0.0,0.0
VLLTLLHELK,0.0,0.0,0.0,0.0,0.0
VLMFAELSQMQTHVSDTSVVLSMDNNR,0.0,0.0,0.0,0.0,0.0
VLNASALPEGQFLDSK,0.0,0.0,0.0,0.0,0.0
VLPELNGK,0.0,0.0,0.0,0.0,0.0
VLTPELYK,0.0,0.0,0.0,0.0,0.0
VLVLDSEYK,0.0,0.0,0.0,0.0,0.0
VLYDAELSKLHQSVTDTNVLLSMDNDK,0.0,0.0,0.0,0.0,0.0
VLYDAELSQLHGASVTDTNVLLMDNSMK,0.0,0.0,0.0,0.0,0.0
VLYWELNVDHKSVTDTNVLLSMDNSR,0.0,0.0,0.0,0.0,0.0
VMEETLYSLLGR,0.0,0.0,0.0,0.0,0.0
VNEENVVEGNEQFLSASK,0.0,0.0,0.0,0.0,0.0
VNGELLQQVDTSEK,0.0,0.0,0.0,0.0,0.0
VNPAGLFDVQVK,0.0,0.0,0.0,0.0,0.0
VNSLTDELNFLR,0.0,0.0,0.0,0.0,0.0
VNTQLQQSLSDAEAQLSYQLAHAK,0.0,0.0,0.0,0.0,0.0
VPDKMTSGNLAYLKK,0.0,0.0,0.0,0.0,0.0
VPDLVFLLDGSER,0.0,0.0,0.0,0.0,0.0
VPGPGAGEMKLELQSQLSK,0.0,0.0,0.0,0.0,0.0
VPLRNQLFETFHTK,0.0,0.0,0.0,0.0,0.0
VPPQELELELQSKLTNK,0.0,0.0,0.0,0.0,0.0
VPSLSLPTSDCLSADDLLSGWGNTK,0.0,0.0,0.0,0.0,0.0
VPSLSLPTSTCDCSNQLLSGWGNTK,0.0,0.0,0.0,0.0,0.0
VPVDNFR,0.0,0.0,0.0,0.0,0.0
VQLLHTQNTSLLNTK,0.0,0.0,0.0,0.0,0.0
VQVWALVGDGNEVAHLDLLLGPR,0.0,0.0,0.0,0.0,0.0
VSCNYVSWLK,0.0,0.0,0.0,0.0,0.0
VSGNATAGAVAREDALQQAKEDLAR,0.0,0.0,0.0,0.0,0.0
VSLTPALTLK,0.0,0.0,0.0,0.0,0.0
VSMDELEMGSK,0.0,0.0,0.0,0.0,0.0
VSSNNDNEEGFFSAR,0.0,0.0,0.0,0.0,0.0
VSSSNYVSEGLK,0.0,0.0,0.0,0.0,0.0
VSTEGAHACCLK,0.0,0.0,0.0,0.0,0.0
VSTFLVVEEK,0.0,0.0,0.0,0.0,0.0
VSVELTGGFLSK,0.0,0.0,0.0,0.0,0.0
VSVLLDELEK,0.0,0.0,0.0,0.0,0.0
VTDGLAENKMDMVEDYR,0.0,0.0,0.0,0.0,0.0
VTDLELLTAEVK,0.0,0.0,0.0,0.0,0.0
VTEEAEPHDK,0.0,0.0,0.0,0.0,0.0
VTMAGNLLDR,0.0,0.0,0.0,0.0,0.0
VTMQNLDDR,0.0,0.0,0.0,0.0,0.0
VTSLNDLNLPLLK,0.0,0.0,0.0,0.0,0.0
VTSLWLK,0.0,0.0,0.0,0.0,0.0
VVDDQFASFLDK,0.0,0.0,0.0,0.0,0.0
VVGPLSGWLHGMLEMDPLR,0.0,0.0,0.0,0.0,0.0
VVNEMDAAPGVDLSR,0.0,0.0,0.0,0.0,0.0
VWPGMHHFGASAGTQTCMLSGWGNTK,0.0,0.0,0.0,0.0,0.0
VYFLALNPR,0.0,0.0,0.0,0.0,0.0
WAAKSLLQPLNVELDPELQK,0.0,0.0,0.0,0.0,0.0
WAEETMWGVDLASVEQHLNSHR,0.0,0.0,0.0,0.0,0.0
WALDAEGASAPLMELLHDK,0.0,0.0,0.0,0.0,0.0
WALGRWLNVVEGNEQFLSASK,0.0,0.0,0.0,0.0,0.0
WALKRREEFASFLDKVR,0.0,0.0,0.0,0.0,0.0
WALSLREMLMDNDLLSGWGNTK,0.0,0.0,0.0,0.0,0.0
WAMNMQYETLQEELMALKK,0.0,0.0,0.0,0.0,0.0
WAPDRENLLEGGQEDFESSGAGK,0.0,0.0,0.0,0.0,0.0
WAPSEVDKTDGELSFKEFLTAAR,0.0,0.0,0.0,0.0,0.0
WAPSTSNVTGFSVTSSTLSSNVASK,0.0,0.0,0.0,0.0,0.0
WATGGGSSFGGGSGFSGGGFGMSDRR,0.0,0.0,0.0,0.0,0.0
WAVSNEDAYPADLNGLR,0.0,0.0,0.0,0.0,0.0
WCSKMNPVWWSTSHTTLDMVR,0.0,0.0,0.0,0.0,0.0
WDNFTYSASSLGGGFGGGSR,0.0,0.0,0.0,0.0,0.0
WEEGYSYNFWFSASSLGGGFGNDK,0.0,0.0,0.0,0.0,0.0
WEEMKYETLQGNELMALKK,0.0,0.0,0.0,0.0,0.0
WEETWSETLYAQELMALK,0.0,0.0,0.0,0.0,0.0
WELLKKMNVPTLQPTNEPLFQGYLDSKLR,0.0,0.0,0.0,0.0,0.0
WELLQKMNVGHKTTLDGAPLFQGYLDKSLR,0.0,0.0,0.0,0.0,0.0
WELLQQMNVGTPLR,0.0,0.0,0.0,0.0,0.0
WELRDALGAQAGKGEMPAR,0.0,0.0,0.0,0.0,0.0
WFSEMQYETLKEHAMLGKK,0.0,0.0,0.0,0.0,0.0
WGLLNLTTDNANLLLQLDNAR,0.0,0.0,0.0,0.0,0.0
WGLPYENVDPDAAPRDLSR,0.0,0.0,0.0,0.0,0.0
WGTGSNEWSGGKALLSGWGNTK,0.0,0.0,0.0,0.0,0.0
WGTWNLELLEGGEEDFESSAGGK,0.0,0.0,0.0,0.0,0.0
WKDNVVQTYYWYTGFPFHYGSNTYK,0.0,0.0,0.0,0.0,0.0
WKNERGMLVSRSGLGGGFSSGGFSGGSFDK,0.0,0.0,0.0,0.0,0.0
WLCDMSLMVQHYTPTELLQQVDTSEK,0.0,0.0,0.0,0.0,0.0
WLDNLNVVEGNPTSFLSASK,0.0,0.0,0.0,0.0,0.0
WLEDSQALAEVLGGQLK,0.0,0.0,0.0,0.0,0.0
WLELLEDALQK,0.0,0.0,0.0,0.0,0.0
WLEMQLESLKEELAYLKK,0.0,0.0,0.0,0.0,0.0
WLHALYNSNTLNNDLMLLKLGK,0.0,0.0,0.0,0.0,0.0
WLYALYAEDTLNNDLMLLK,0.0,0.0,0.0,0.0,0.0
WMWFSSSYGPYGSGSGVSSSSR,0.0,0.0,0.0,0.0,0.0
WNKMELENLKEELAYLK,0.0,0.0,0.0,0.0,0.0
WPGLLSEDAFATEELAYLKK,0.0,0.0,0.0,0.0,0.0
WPGPAGAVGSSVLYR,0.0,0.0,0.0,0.0,0.0
WQQEPYHFDRNAHNSQWVVSAAHCYK,0.0,0.0,0.0,0.0,0.0
WRDNLVDSNTLNDDLMLLK,0.0,0.0,0.0,0.0,0.0
WRHSDAQLGHTEELAYLKGK,0.0,0.0,0.0,0.0,0.0
WRPTHVYCNTLNNDLMLLK,0.0,0.0,0.0,0.0,0.0
WRPVLNCASNTLNNDLMLLK,0.0,0.0,0.0,0.0,0.0
WRQYYTFPTLNNDLMLLK,0.0,0.0,0.0,0.0,0.0
WRWLPCWETLDNDLMLLK,0.0,0.0,0.0,0.0,0.0
WSDVSADLK,0.0,0.0,0.0,0.0,0.0
WSLLLNKPR,0.0,0.0,0.0,0.0,0.0
WSLLSDWNGHEMAGYLEGGK,0.0,0.0,0.0,0.0,0.0
WSLVFYALPMCNYVSWLK,0.0,0.0,0.0,0.0,0.0
WSMGCAPNVSVSVSTSHTTLSGGDGK,0.0,0.0,0.0,0.0,0.0
WTCTVSNVTVSVTSSTLSSNVASK,0.0,0.0,0.0,0.0,0.0
WTMTLFGR,0.0,0.0,0.0,0.0,0.0
WTSGLGPAGPLGWGHR,0.0,0.0,0.0,0.0,0.0
WVNDNEEGFFASR,0.0,0.0,0.0,0.0,0.0
WVNDNEEGFFSLR,0.0,0.0,0.0,0.0,0.0
WVTYMHSNALADAEQR,0.0,0.0,0.0,0.0,0.0
WVVLDAELGVGVR,0.0,0.0,0.0,0.0,0.0
WWFGYSYGSNNGFSASSLGGGFGGGDK,0.0,0.0,0.0,0.0,0.0
WWSNVNVEFNAAPGVDLTQLLNNMR,0.0,0.0,0.0,0.0,0.0
WWWRSFGYSYGGGSGGGFSASSLGGGFGGGSR,0.0,0.0,0.0,0.0,0.0
WYTKFGLVEGLMTTVHALTATQK,0.0,0.0,0.0,0.0,0.0
YAVKENMLELQSQLSK,0.0,0.0,0.0,0.0,0.0
YAVPMKLELELEELSK,0.0,0.0,0.0,0.0,0.0
YCLVKTLPLQDGLLPLEVR,0.0,0.0,0.0,0.0,0.0
YDAELVNSKKTKFTVMNGSLLSMDNSR,0.0,0.0,0.0,0.0,0.0
YEELQLEQK,0.0,0.0,0.0,0.0,0.0
YEELQLTGAR,0.0,0.0,0.0,0.0,0.0
YEELQVSVAR,0.0,0.0,0.0,0.0,0.0
YETLQPLTLDYQK,0.0,0.0,0.0,0.0,0.0
YFGELLDAVTR,0.0,0.0,0.0,0.0,0.0
YFLAGNQEQEFLR,0.0,0.0,0.0,0.0,0.0
YFLVYFGGLNPGGMNFWPVKHEVWNQSLLQPLGRK,0.0,0.0,0.0,0.0,0.0
YGEELENKVR,0.0,0.0,0.0,0.0,0.0
YGFGAVYGSR,0.0,0.0,0.0,0.0,0.0
YGFGWELSELLSDPSDDTK,0.0,0.0,0.0,0.0,0.0
YGKLPVGYFTK,0.0,0.0,0.0,0.0,0.0
YGLTAYDVK,0.0,0.0,0.0,0.0,0.0
YGSYGGGSGGGFSASSLGGGFGGSGR,0.0,0.0,0.0,0.0,0.0
YGTSPYFFFSPVVVVGLGR,0.0,0.0,0.0,0.0,0.0
YGWWFSRYSGGGYGSGEWR,0.0,0.0,0.0,0.0,0.0
YGYTHLSTGDLLR,0.0,0.0,0.0,0.0,0.0
YLDVDSAVR,0.0,0.0,0.0,0.0,0.0
YLEVGDSVR,0.0,0.0,0.0,0.0,0.0
YLLQMR,0.0,0.0,0.0,0.0,0.0
YLQLATDR,0.0,0.0,0.0,0.0,0.0
YMQNQLTAGR,0.0,0.0,0.0,0.0,0.0
YNSPYYNTLDDLGK,0.0,0.0,0.0,0.0,0.0
YNSPYYNTLMVLQDQLVDLTVGNNK,0.0,0.0,0.0,0.0,0.0
YNTYRHKDQLVDLTVGDGGK,0.0,0.0,0.0,0.0,0.0
YNVWSLGK,0.0,0.0,0.0,0.0,0.0
YNYVCPDLK,0.0,0.0,0.0,0.0,0.0
YPMVYGLLSKEGDDMEK,0.0,0.0,0.0,0.0,0.0
YPVHVLHLNR,0.0,0.0,0.0,0.0,0.0
YQPVSLNLVGGYTGYEPAQNK,0.0,0.0,0.0,0.0,0.0
YSPDVLWLK,0.0,0.0,0.0,0.0,0.0
YSPEEIAMATVTALR,0.0,0.0,0.0,0.0,0.0
YVWDLK,0.0,0.0,0.0,0.0,0.0
YWELVAPHTNVRYWYNVLLSMDNSR,0.0,0.0,0.0,0.0,0.0
AAAANDNEEGFFSAR,0.0,0.0,0.0,0.0,0.0
AAAAVLLAPAAAALVAGPK,0.0,0.0,0.0,0.0,0.0
AALEAALGTLVLR,0.0,0.0,0.0,0.0,0.0
AATNESYAAAVLFR,0.0,0.0,0.0,0.0,0.0
AAVGGLVSWGSGCGAAGK,0.0,0.0,0.0,0.0,0.0
AEGDDDFYLSLLLNR,0.0,0.0,0.0,0.0,0.0
AEGLEENAMCEYSLLLSLK,0.0,0.0,0.0,0.0,0.0
AELAMAAFEEGLENVYHR,0.0,0.0,0.0,0.0,0.0
AEMRDEFNLPDLLSGWGNTK,0.0,0.0,0.0,0.0,0.0
AERDNLNVVEGNEQFLSASK,0.0,0.0,0.0,0.0,0.0
AEVEMQLENLK,0.0,0.0,0.0,0.0,0.0
AGDVKWFK,0.0,0.0,0.0,0.0,0.0
AGVVEVLLLK,0.0,0.0,0.0,0.0,0.0
AHYNTQPNLLEGGQEDFESSGAGK,0.0,0.0,0.0,0.0,0.0
ALDNKLYEAK,0.0,0.0,0.0,0.0,0.0
ALDRGVRATYR,0.0,0.0,0.0,0.0,0.0
ALGALEAALQQAK,0.0,0.0,0.0,0.0,0.0
ALGGGLSSVGGGSSTLK,0.0,0.0,0.0,0.0,0.0
ALSYDNLLRRNATANNDLENK,0.0,0.0,0.0,0.0,0.0
ANPGDNLNSCSEWTAGYLEGGK,0.0,0.0,0.0,0.0,0.0
ANPGTYLTSNMFCCGGYLEGGK,0.0,0.0,0.0,0.0,0.0
APALNASLNPYFASFLDK,0.0,0.0,0.0,0.0,0.0
APGDLSETNVLLSMDNNR,0.0,0.0,0.0,0.0,0.0
APLLCMECCK,0.0,0.0,0.0,0.0,0.0
APLLCVCACK,0.0,0.0,0.0,0.0,0.0
APLLDSLLK,0.0,0.0,0.0,0.0,0.0
APLLSDDDHCK,0.0,0.0,0.0,0.0,0.0
APLLSDELFCMNYVSWLK,0.0,0.0,0.0,0.0,0.0
APLLSDLLK,0.0,0.0,0.0,0.0,0.0
APLLSWLK,0.0,0.0,0.0,0.0,0.0
APLSSNTYVALR,0.0,0.0,0.0,0.0,0.0
APQKDVAVHVFR,0.0,0.0,0.0,0.0,0.0
APQNLEEMFESFLNNLR,0.0,0.0,0.0,0.0,0.0
APSASHLELELQSQLSKGK,0.0,0.0,0.0,0.0,0.0
APTADVLANAFLGR,0.0,0.0,0.0,0.0,0.0
AQKLHSDRPYQQSAYDLDLGK,0.0,0.0,0.0,0.0,0.0
ASAPADVLAFFVHK,0.0,0.0,0.0,0.0,0.0
ASGAPRQVLLLPVYTNAPK,0.0,0.0,0.0,0.0,0.0
ASGDVNVFNTLLTTR,0.0,0.0,0.0,0.0,0.0
ASLLDVENTR,0.0,0.0,0.0,0.0,0.0
ASLYGALEEEYELLNK,0.0,0.0,0.0,0.0,0.0
ASYGPQLTSNMFSSWLEGGK,0.0,0.0,0.0,0.0,0.0
ASYPGQLTSNMFTMCGLEGGK,0.0,0.0,0.0,0.0,0.0
ATAPNQFAHPLDK,0.0,0.0,0.0,0.0,0.0
ATGLVSTVLNVLEGPPNPLPPR,0.0,0.0,0.0,0.0,0.0
ATTVHMFAFYVSWLK,0.0,0.0,0.0,0.0,0.0
ATWGGGSSFGQFFSGGGFGGGGFNGR,0.0,0.0,0.0,0.0,0.0
AVGKDAVEDLESVGK,0.0,0.0,0.0,0.0,0.0
AYGGGVASSGGFSGGSFSR,0.0,0.0,0.0,0.0,0.0
AYGWRYTAFATEELAYLK,0.0,0.0,0.0,0.0,0.0
CAGTFCYAVLK,0.0,0.0,0.0,0.0,0.0
CDAGASMRPGSVSVSTSHTTLSGSGGR,0.0,0.0,0.0,0.0,0.0
CLNGGNSFFFGESGGGFGGGGFGNR,0.0,0.0,0.0,0.0,0.0
CNQHMLPNLQEQLSNLEAQLTDVR,0.0,0.0,0.0,0.0,0.0
CPGLENSSNQEYLSLLSLK,0.0,0.0,0.0,0.0,0.0
CPGLQSGQNQEYSLLLVTK,0.0,0.0,0.0,0.0,0.0
CPPDPEFWGETLQEEVPALK,0.0,0.0,0.0,0.0,0.0
DALDVENATYR,0.0,0.0,0.0,0.0,0.0
DCQSAMPNVSVSVSTSHTTLDMVR,0.0,0.0,0.0,0.0,0.0
DDAHATTQPAGNEEYQQLLDLK,0.0,0.0,0.0,0.0,0.0
DGAGDVAFLR,0.0,0.0,0.0,0.0,0.0
DGANTVFASFLDVKR,0.0,0.0,0.0,0.0,0.0
DGEEGFFTGR,0.0,0.0,0.0,0.0,0.0
DGNAELENLLR,0.0,0.0,0.0,0.0,0.0
DGPGVLQQSLSDEAQR,0.0,0.0,0.0,0.0,0.0
DGYELQLTAGR,0.0,0.0,0.0,0.0,0.0
DHGLALDLELATYR,0.0,0.0,0.0,0.0,0.0
DKNMRMGLKTYR,0.0,0.0,0.0,0.0,0.0
DKPGVYTK,0.0,0.0,0.0,0.0,0.0
DLENQYESAALTQLEHEVNFWQVQMNK,0.0,0.0,0.0,0.0,0.0
DLTQLLDMER,0.0,0.0,0.0,0.0,0.0
DLVLPKELFKNYVDLLNQELEFLK,0.0,0.0,0.0,0.0,0.0
DMMGAGYLEGGK,0.0,0.0,0.0,0.0,0.0
DPADDNEEGFFSAR,0.0,0.0,0.0,0.0,0.0
DPALVELVK,0.0,0.0,0.0,0.0,0.0
DPECETEFEYQQLLDLK,0.0,0.0,0.0,0.0,0.0
DPLDAAVAEASFTEELAYLKK,0.0,0.0,0.0,0.0,0.0
DPLWQLSEFATEELAYLKK,0.0,0.0,0.0,0.0,0.0
DPPLNPHSEVTKEELAYLK,0.0,0.0,0.0,0.0,0.0
DPRHSYVVLLLR,0.0,0.0,0.0,0.0,0.0
DTNVTAAVLLSMDNGGR,0.0,0.0,0.0,0.0,0.0
DVETNYLKDQLVDLTVGPMK,0.0,0.0,0.0,0.0,0.0
DVNQFELELQSQLSMK,0.0,0.0,0.0,0.0,0.0
DVSSSSELPGVGGGGFSAHGFESSGAGK,0.0,0.0,0.0,0.0,0.0
DVTEMQYETLQEELVYPVR,0.0,0.0,0.0,0.0,0.0
DVTLGRFLDDNLEQLSSYK,0.0,0.0,0.0,0.0,0.0
DYGAELMNTK,0.0,0.0,0.0,0.0,0.0
DYLANTVKALEEANNDLENK,0.0,0.0,0.0,0.0,0.0
EAASLSNR,0.0,0.0,0.0,0.0,0.0
EAFELQSEFVK,0.0,0.0,0.0,0.0,0.0
EAGEDCDYNAK,0.0,0.0,0.0,0.0,0.0
EAGGMKSRYEQLLAK,0.0,0.0,0.0,0.0,0.0
EALALDSLLAEVK,0.0,0.0,0.0,0.0,0.0
EALKVPQVELDPELQGK,0.0,0.0,0.0,0.0,0.0
EARNDLNVVEGNEQFLEASK,0.0,0.0,0.0,0.0,0.0
EATDLLDTGFLDHVVR,0.0,0.0,0.0,0.0,0.0
EAVHLAYNSNTLNNDLMLLK,0.0,0.0,0.0,0.0,0.0
EAVHPHLNSNTLNDDLMLLK,0.0,0.0,0.0,0.0,0.0
ECKALELELQSQLSMK,0.0,0.0,0.0,0.0,0.0
EDDGSSSSGYESER,0.0,0.0,0.0,0.0,0.0
EDNWRYTLSDQLLAK,0.0,0.0,0.0,0.0,0.0
EEEGGSNFPQPTGSGGGFGGGGFGNR,0.0,0.0,0.0,0.0,0.0
EEESQLTWMSGDVNVELNVAPGK,0.0,0.0,0.0,0.0,0.0
EEFGGYGSYWEGFSASSLGGGFGNSR,0.0,0.0,0.0,0.0,0.0
EEGAPRDSYGGGSGGGFSASSLGGGFGGDGK,0.0,0.0,0.0,0.0,0.0
EEKLSNLQQSLSDAEQR,0.0,0.0,0.0,0.0,0.0
EEPFGYSYWYPFSASSLGGGFGGDGK,0.0,0.0,0.0,0.0,0.0
EESGYGSNFGTYGGLGGFGGGSFR,0.0,0.0,0.0,0.0,0.0
EETLVMFVVNMK,0.0,0.0,0.0,0.0,0.0
EFNYVSGNGQK,0.0,0.0,0.0,0.0,0.0
EFSFGDLSTPDAVMGNPK,0.0,0.0,0.0,0.0,0.0
EGAGYEALGLAK,0.0,0.0,0.0,0.0,0.0
EGASNFHLVPVHLDR,0.0,0.0,0.0,0.0,0.0
EGECNYVSGELK,0.0,0.0,0.0,0.0,0.0
EGENNDFFTK,0.0,0.0,0.0,0.0,0.0
EGGAGEDPGLAR,0.0,0.0,0.0,0.0,0.0
EGGDAAYMTKVDLQAK,0.0,0.0,0.0,0.0,0.0
EGGPRPYEGFFSAR,0.0,0.0,0.0,0.0,0.0
EGHRSSSYGPYGSGSGWSSSR,0.0,0.0,0.0,0.0,0.0
EGLEMQLENLK,0.0,0.0,0.0,0.0,0.0
EGLKGGLEDALQK,0.0,0.0,0.0,0.0,0.0
EGLQVEALTK,0.0,0.0,0.0,0.0,0.0
EGQNDDFFTK,0.0,0.0,0.0,0.0,0.0
EGVPRYTK,0.0,0.0,0.0,0.0,0.0
EHLMLDGLEGGK,0.0,0.0,0.0,0.0,0.0
EKDLDASLTYVK,0.0,0.0,0.0,0.0,0.0
EKVHPSYDSNTLNNDLMLLK,0.0,0.0,0.0,0.0,0.0
ELDAMQLESLKEELAYLK,0.0,0.0,0.0,0.0,0.0
ELDAMQLESLTEELAYLKGK,0.0,0.0,0.0,1722200.0,0.0
ELEMNRNLLENQEDFESSGAGK,0.0,0.0,0.0,0.0,0.0
ELGEMKECPLTEELAYLKK,0.0,0.0,0.0,0.0,0.0
ELGVLGALR,0.0,0.0,0.0,0.0,0.0
ELLDDKNDALQQAK,0.0,0.0,0.0,0.0,0.0
ELMFYMELLEGGKEDFESSGAGK,0.0,0.0,0.0,0.0,0.0
ELRLNELQTYR,0.0,0.0,0.0,0.0,0.0
ELSEMQLEVAK,0.0,0.0,0.0,0.0,0.0
ELSTLEELAYLK,0.0,0.0,0.0,0.0,0.0
ELTRRFELKCQSQLSK,0.0,0.0,0.0,0.0,0.0
ELTTELDNNLEKLPTMMPFLLEAYR,0.0,0.0,0.0,0.0,0.0
ELTYSLELELVEDLSK,0.0,0.0,0.0,0.0,0.0
ELTYSLELEVLEDLSK,0.0,0.0,0.0,0.0,0.0
ELVALELATYR,0.0,0.0,0.0,0.0,0.0
ELVHWQFSNTLNNDLMLLK,0.0,0.0,0.0,0.0,0.0
ELVVNQELEFLK,0.0,0.0,0.0,0.0,0.0
EMEKAGPAKVLQTHVWELLQQVDTSEK,0.0,0.0,0.0,0.0,0.0
ENGTATYAAAVLFR,0.0,0.0,0.0,0.0,0.0
ENKATYAHESLTEELAYLK,0.0,0.0,0.0,0.0,0.0
ENTLLDMPMLLK,0.0,0.0,0.0,0.0,0.0
EPEALQQSLSDAEQR,0.0,0.0,0.0,0.0,0.0
EPEEWFHAK,0.0,0.0,0.0,0.0,0.0
EPQLPTDGDFEPLNVELDPELQK,0.0,0.0,0.0,0.0,0.0
EPTMGYLDKSLR,0.0,0.0,0.0,0.0,0.0
EPVDADLDVAR,0.0,0.0,0.0,0.0,0.0
EPVEDLESVGK,0.0,0.0,0.0,0.0,0.0
EPYFESFLNQVR,0.0,0.0,0.0,0.0,0.0
EQKLQPLNVELDPELQK,0.0,0.0,0.0,0.0,0.0
EQQMLLSNLEAQTEVVR,0.0,0.0,0.0,0.0,0.0
ESDEADLDALEHMFR,0.0,0.0,0.0,0.0,0.0
ESTNVQLLLSMDNNR,0.0,0.0,0.0,0.0,0.0
ESWEDLDALEEQDAK,0.0,0.0,0.0,0.0,0.0
ESWKLFSSGGFSGGSFSR,0.0,0.0,0.0,0.0,0.0
ETAECWNTEYQQLLDLK,0.0,0.0,0.0,0.0,0.0
ETLPAAVTDASMTEELAYLKK,0.0,0.0,0.0,0.0,0.0
EVDDLELTLAK,0.0,0.0,0.0,0.0,0.0
EVEDALQQAK,0.0,0.0,0.0,0.0,0.0
EVNLDGLLAEVK,0.0,0.0,0.0,0.0,0.0
EVWQLKPNSKNYASFLDK,0.0,0.0,0.0,0.0,0.0
EWEGYWVPSNMFSASSLGGGFGGGSR,0.0,0.0,0.0,0.0,0.0
FASFLAGTLR,0.0,0.0,0.0,0.0,0.0
FATVEDLDPENFR,0.0,0.0,0.0,0.0,0.0
FGFNRMVMQQYSLLSGWGNTK,0.0,0.0,0.0,0.0,0.0
FLEQQPPFLKTELWELLQGAVDTSEK,0.0,0.0,0.0,0.0,0.0
FNGGGGSSFNGSGFSGNFNGGFGNR,0.0,0.0,0.0,0.0,0.0
FPSVSLQEASANSHK,0.0,0.0,0.0,0.0,0.0
FPSVSLQEASASHNK,0.0,0.0,0.0,0.0,0.0
FSMPGFK,0.0,0.0,0.0,0.0,0.0
FTNYRPQPTMAGR,0.0,0.0,0.0,0.0,0.0
GAELLQQVDTMGR,0.0,0.0,0.0,0.0,0.0
GDPGVLQQSLSDAEQR,0.0,0.0,0.0,0.0,0.0
GFGVGNNEKEEESGGGFGGGGFGNR,0.0,0.0,0.0,0.0,0.0
GHGTLEPYFEYALARVGNR,0.0,0.0,0.0,0.0,0.0
GHGTLEYPFESFLNNLR,0.0,0.0,0.0,0.0,0.0
GHGVQELELELQSQLSK,0.0,0.0,0.0,0.0,0.0
GHLLELLTERTVR,0.0,0.0,0.0,0.0,0.0
GHTNLEAAAGHESFLNNLR,0.0,0.0,0.0,0.0,0.0
GKELSEVQR,0.0,0.0,0.0,0.0,0.0
GKGRLADGLENAKPLLQLDNAR,0.0,0.0,0.0,0.0,0.0
GLFLLDDK,0.0,0.0,0.0,0.0,0.0
GPAGLTYGGSAMSFCAGYLEGGK,0.0,0.0,0.0,0.0,0.0
GPAGQPPGR,0.0,0.0,0.0,0.0,0.0
GPDDGDDYGGGGSGGGYGGSGGSR,0.0,0.0,0.0,0.0,0.0
GPGFSSGGFSGGSFSR,0.0,0.0,0.0,0.0,0.0
GPVPCKFTQETLPPR,0.0,0.0,0.0,0.0,0.0
GREGELGGVVEGNGAEFLGTGSK,0.0,0.0,0.0,0.0,0.0
GSGGGSSGGVTNR,0.0,0.0,0.0,0.0,0.0
GSNNLLQQVDTSTR,0.0,0.0,0.0,0.0,0.0
GSPGFSSGSAGLLNYQR,0.0,0.0,0.0,0.0,0.0
GTYPALNTSNMFTCPFGLGYANPAGYLENK,0.0,0.0,0.0,0.0,0.0
GTYPANLTSNMFLEYFGGVPEEAGYLENK,0.0,0.0,0.0,0.0,0.0
GTYPANLTSNMFLYEFNPVEEAGYLENK,0.0,0.0,0.0,0.0,0.0
GVFLENVLR,0.0,0.0,0.0,0.0,0.0
GVLYDAELQEAHKSVTDTNVLLSMDDNK,0.0,0.0,0.0,0.0,0.0
HCADDYWPSEYSLLLSLK,0.0,0.0,0.0,0.0,0.0
HCCYPGQLTSETNCAGYLEGGK,0.0,0.0,0.0,0.0,0.0
HGGAEGSSGSSSSSYGQHGSSGR,0.0,0.0,0.0,0.0,0.0
HGLPDTLNQGEFK,0.0,0.0,0.0,0.0,0.0
HGNHSTHSVEKKEELAYLKK,0.0,0.0,0.0,0.0,0.0
HGPWRSHQDLKEELAYLKK,0.0,0.0,0.0,0.0,0.0
HMGLEEALQAQK,0.0,0.0,0.0,0.0,0.0
HMNSNTLKKSGFSMK,0.0,0.0,0.0,0.0,0.0
HNLEPYFESFLVAGNR,0.0,0.0,0.0,0.0,0.0
HNLLENQEDFESSGAGK,0.0,0.0,0.0,0.0,0.0
HNVQELELELAGSQLSKK,0.0,0.0,0.0,0.0,0.0
HPGLASGALELEAAGSAGLSK,0.0,0.0,0.0,0.0,0.0
HPRAELEGLELAGSALGSK,0.0,0.0,0.0,0.0,0.0
HPRAELGELELAGSALGSK,0.0,0.0,0.0,0.0,0.0
HSGGGLVTCPGSGACQK,0.0,0.0,0.0,0.0,0.0
HTNLEPYFESFLDNLR,0.0,0.0,0.0,0.0,0.0
HWGQCDNPLKEQLSNLEAQLTDVR,0.0,0.0,0.0,0.0,0.0
IFDKNADGFIDIEELGEILR,0.0,0.0,0.0,0.0,0.0
KAECLELELQSQLSMK,0.0,0.0,0.0,0.0,0.0
KAVDLELDEARK,0.0,0.0,0.0,0.0,0.0
KDANDEFVTLKK,0.0,0.0,0.0,0.0,0.0
KDKFEEVALR,0.0,0.0,0.0,0.0,0.0
KESFGFLKPLK,0.0,0.0,0.0,0.0,0.0
KEVNLGGSK,0.0,0.0,0.0,0.0,0.0
KGDNPYHNLLEGGQEDFESSGAGK,0.0,0.0,0.0,0.0,0.0
KGGEMVLDDHWAGYLEGGK,0.0,0.0,0.0,0.0,0.0
KGGNENPLESFATEELAYLKGK,0.0,0.0,0.0,0.0,0.0
KGNVTELSELNR,0.0,0.0,0.0,0.0,0.0
KGSGWGNTK,0.0,0.0,0.0,7242400.0,0.0
KGYNVSWLK,0.0,0.0,0.0,548990.0,0.0
KITFEEFLPMLQAAANNK,0.0,0.0,0.0,0.0,0.0
KKKKLDVK,0.0,0.0,0.0,0.0,0.0
KLFEMEFHVK,0.0,0.0,0.0,0.0,0.0
KLGLVSWGSGGMESYEMAGYLEGGK,0.0,0.0,0.0,0.0,0.0
KLLSEVDSDGDWLSFQEFLTAAK,0.0,0.0,0.0,0.0,0.0
KMGPETNELWNLLEGGKEDFESSGAGK,0.0,0.0,0.0,0.0,0.0
KMSFSEEFLRGNAR,0.0,0.0,0.0,0.0,0.0
KNDAMQLESLTEELAYLKK,0.0,0.0,0.0,0.0,0.0
KNFEASDDDLR,0.0,0.0,0.0,0.0,0.0
KNGGPGVYTK,0.0,0.0,0.0,0.0,0.0
KNLEDKYDDQLTQLEHEVSSSGQEVQSTGK,0.0,0.0,0.0,0.0,0.0
KNLNDLEDSPK,0.0,0.0,0.0,0.0,0.0
KNYEDENKLR,0.0,0.0,0.0,0.0,0.0
KPVSNSAVPTLVEVSR,0.0,0.0,0.0,1038500.0,0.0
KSDAEAWFNEK,0.0,0.0,0.0,0.0,0.0
KSMSNNDLVPLK,0.0,0.0,0.0,0.0,0.0
KTDLTTELNDNLEQLSSYK,0.0,0.0,0.0,0.0,0.0
KTTCNLDPVLK,0.0,0.0,0.0,0.0,0.0
KWLEQELATYR,0.0,0.0,0.0,0.0,0.0
LADDLEDALKQAKEMPAR,0.0,0.0,0.0,0.0,0.0
LAEEANETLEVK,0.0,0.0,0.0,0.0,0.0
LAELEQLQK,0.0,0.0,0.0,0.0,0.0
LAEPKKGLGASLAHLVGLK,0.0,0.0,0.0,0.0,0.0
LAGAGASLQLSALEEQLKSGPR,0.0,0.0,0.0,0.0,0.0
LAGALALLQTEDYPK,0.0,0.0,0.0,0.0,0.0
LAGASHLEEVVLALLK,0.0,0.0,0.0,0.0,0.0
LAGGSNLQQSLSDAEQR,0.0,0.0,0.0,0.0,0.0
LAGTLLVTK,0.0,0.0,0.0,0.0,0.0
LAHLLDKVQALEEAGGNDLQNLEKDGEYDKKGPLLER,0.0,0.0,0.0,0.0,0.0
LALDMELATYR,0.0,0.0,0.0,0.0,0.0
LALDVELATYGR,0.0,0.0,0.0,0.0,0.0
LALGAALLQTEDMLK,0.0,0.0,0.0,0.0,0.0
LALMENANVLAR,0.0,0.0,0.0,0.0,0.0
LAPLDLEDPYR,0.0,0.0,0.0,0.0,0.0
LASYLLMPEALEEAMLVLENQLQDWYDKK,0.0,0.0,0.0,43579000.0,0.0
LASYLNGAKK,0.0,0.0,0.0,0.0,0.0
LASYMPKVKALEEANDDLENK,0.0,0.0,0.0,0.0,0.0
LAVTVVHR,0.0,0.0,0.0,0.0,0.0
LAYDAELSYPMPHLSDTSVVLSMDNNR,0.0,0.0,0.0,0.0,0.0
LAYSLEK,0.0,0.0,0.0,0.0,0.0
LDENKYETQLTQLEHGEVSSSQGLDQMNK,0.0,0.0,0.0,0.0,0.0
LEAALALELELQSQLALK,0.0,0.0,0.0,0.0,0.0
LEAESNYELEGK,0.0,0.0,0.0,0.0,0.0
LEGEMGALESLTEELALYKR,0.0,0.0,0.0,0.0,0.0
LEGEMGALESLTEELAYKLK,0.0,0.0,0.0,0.0,0.0
LEGEMQNKSLTEELAYLKK,0.0,0.0,0.0,0.0,0.0
LEGLKLEEAYLR,0.0,0.0,0.0,0.0,0.0
LEKWYEK,0.0,0.0,0.0,0.0,0.0
LELNDLGNDALKQAKEDLAR,0.0,0.0,0.0,0.0,0.0
LELTDGVVR,0.0,0.0,0.0,0.0,0.0
LESLKEELAYLKK,0.0,0.0,0.0,0.0,0.0
LFEQQNQVLKTGKWELLQQVDGMTR,0.0,0.0,0.0,0.0,0.0
LFPHPSYNSNTLNNDLMLLK,0.0,0.0,0.0,0.0,0.0
LGAGLVSWGLHHDWNKPGVYTK,0.0,0.0,0.0,0.0,0.0
LGEYGFQNELLVR,0.0,0.0,0.0,0.0,0.0
LGFELEVK,0.0,0.0,0.0,0.0,0.0
LGFQTWLAHK,0.0,0.0,0.0,0.0,0.0
LGGPAPPVLGPETEAPLNPK,0.0,0.0,0.0,0.0,0.0
LGPDAKGTFLSGWGNTK,0.0,0.0,0.0,0.0,0.0
LGPDWYDKK,0.0,0.0,0.0,0.0,0.0
LGSGGGFSSGGFSGGFSSR,0.0,0.0,0.0,0.0,0.0
LGSLLSMDDNK,0.0,0.0,0.0,0.0,0.0
LKFESGWATER,0.0,0.0,0.0,0.0,0.0
LKFETTFHER,0.0,0.0,0.0,0.0,0.0
LKYELDVAQR,0.0,0.0,0.0,0.0,0.0
LKYENELAVR,0.0,0.0,0.0,0.0,0.0
LLDLATVR,0.0,0.0,0.0,0.0,0.0
LLDSSTVTHLFK,0.0,0.0,0.0,0.0,0.0
LLELLHVGHR,0.0,0.0,0.0,0.0,0.0
LLGSLDVDDHKYR,0.0,0.0,0.0,0.0,0.0
LLGSLDVDHDKYK,0.0,0.0,0.0,0.0,0.0
LLLLADGAPNALVLQMR,0.0,0.0,0.0,0.0,0.0
LLNRPLLFVR,0.0,0.0,0.0,0.0,0.0
LLTTVGDVVNHDAPVGDR,0.0,0.0,0.0,0.0,0.0
LMPLEDVFSLSGR,0.0,0.0,0.0,0.0,0.0
LNLVAALLR,0.0,0.0,0.0,0.0,0.0
LNMNGSSFGNSGFSGGGFGGNFGNR,0.0,0.0,0.0,0.0,0.0
LPAASMREYVMYYLLSGWGNTGK,0.0,0.0,0.0,0.0,0.0
LPADLEDALQQAVHEMPAR,0.0,0.0,0.0,19448000.0,0.0
LPALQTMGSAMDK,0.0,0.0,0.0,0.0,0.0
LPDLEDALQQAQEDLAR,0.0,0.0,0.0,0.0,0.0
LPEDNLDDVEGKDKFLSASK,0.0,0.0,0.0,0.0,0.0
LPEDNLGGVVEGQDQFLSASGK,0.0,0.0,0.0,0.0,0.0
LPEDNLNARGNEVEFLSASGGK,0.0,0.0,0.0,0.0,0.0
LPEDNLNVVEWNGAFLEASK,0.0,0.0,0.0,0.0,0.0
LPEDNLQVCPDVVGSFLSASK,0.0,0.0,0.0,0.0,0.0
LPEEARNVVEGQVNVYDASK,0.0,0.0,0.0,0.0,0.0
LPENDLNVVEGNEQFLEASK,0.0,0.0,0.0,0.0,0.0
LPGVFSDLGAHLDNLK,0.0,0.0,0.0,0.0,0.0
LPLDLALTYER,0.0,0.0,0.0,0.0,0.0
LPLDVELSTFR,0.0,0.0,0.0,0.0,0.0
LPMDGYR,0.0,0.0,0.0,0.0,0.0
LPSLSLPTSTCDGSQQLLSGWGNTK,0.0,0.0,0.0,0.0,0.0
LPSNANLNVVEGQDAGFLSASK,0.0,0.0,0.0,0.0,0.0
LPSVLFLGK,0.0,0.0,0.0,0.0,0.0
LPTYLDKVR,0.0,0.0,0.0,0.0,0.0
LPYDLDMGKYKAGSAYDLDLGK,0.0,0.0,0.0,0.0,0.0
LQDMQELLSHYEATVLEMPK,0.0,0.0,0.0,0.0,0.0
LQGLVSADSDDHQK,0.0,0.0,0.0,0.0,0.0
LQGLVSWGSNFFEAPNYVSWLK,0.0,0.0,0.0,0.0,0.0
LQGLVSWLK,0.0,0.0,0.0,0.0,0.0
LRAVMQWMASAGTQCAVLSGWGNTK,0.0,0.0,0.0,0.0,0.0
LSAHGESNQPTFESFLNNLR,0.0,0.0,0.0,0.0,0.0
LSDGMSSNVTVSVTSSTLSSNVASK,0.0,0.0,0.0,0.0,0.0
LSDYPEYETLQEELFAQLK,0.0,0.0,0.0,0.0,0.0
LSELTEELAYLKK,0.0,0.0,0.0,0.0,0.0
LSFNNGASGK,0.0,0.0,0.0,0.0,0.0
LSGLSLPTSWEFNHHLSGWGNTK,0.0,0.0,0.0,0.0,0.0
LSGLSSAELSK,0.0,0.0,0.0,0.0,0.0
LSGNFSSGGFSGFSGSR,0.0,0.0,0.0,0.0,0.0
LSGSLTTELDNAREQLSSYK,0.0,0.0,0.0,0.0,0.0
LSLPTFLSASK,0.0,0.0,0.0,0.0,0.0
LSLSYVSR,0.0,0.0,0.0,0.0,0.0
LSNLQQSLSDEAQR,0.0,0.0,0.0,0.0,0.0
LSPPTNYLVYCK,0.0,0.0,0.0,0.0,0.0
LSQDDLKDQLVDLTVGNNK,0.0,0.0,0.0,0.0,0.0
LSTEGDDDTEYQQLLDLK,0.0,0.0,0.0,0.0,0.0
LSVEWLR,0.0,0.0,0.0,0.0,0.0
LSVNLGGSVTK,0.0,0.0,0.0,0.0,0.0
LTAFNYVSWLK,0.0,0.0,0.0,0.0,0.0
LTEWTSSNVMEER,0.0,0.0,0.0,0.0,0.0
LTGEGNLAETENR,0.0,0.0,0.0,0.0,0.0
LTLEAMPMR,0.0,0.0,0.0,0.0,0.0
LTLNTPLNLQLDATLGPR,0.0,0.0,0.0,0.0,0.0
LTQGNSDGVNVELNVAPGK,0.0,0.0,0.0,0.0,0.0
LTQLEHEVSSSGQEVQSSAK,0.0,0.0,0.0,0.0,0.0
LTVRPDAESAFDEELAYLKK,0.0,0.0,0.0,0.0,0.0
LVCKMDEETEHGQEELPLGK,0.0,0.0,0.0,0.0,0.0
LVQAVELELQSQLSMKR,0.0,0.0,0.0,0.0,0.0
LWHHTFYNELR,0.0,0.0,0.0,0.0,0.0
LYPVFYGTK,0.0,0.0,0.0,0.0,0.0
MAACAYVSEGLK,0.0,0.0,0.0,0.0,0.0
MCGNYVGCLLK,0.0,0.0,0.0,0.0,0.0
MEHLLNVVEGNEQFLSASK,0.0,0.0,0.0,0.0,0.0
MFFWELSQMQTHVSDTSVVLSMDNNR,0.0,0.0,0.0,0.0,0.0
MFWDYLEGGK,0.0,0.0,0.0,0.0,0.0
MGQNSELNLMEDLVEDYK,0.0,0.0,0.0,0.0,0.0
MLTELEK,0.0,0.0,0.0,0.0,0.0
MMPLEDVFSLSGR,0.0,0.0,0.0,0.0,0.0
MSKKSKLELENAADLSK,0.0,0.0,0.0,0.0,0.0
NAPATYHNLLEGDAAGDFESSGAGK,0.0,0.0,0.0,0.0,0.0
NDFPLLK,0.0,0.0,0.0,0.0,0.0
NEVHALELELQSQLSK,0.0,0.0,0.0,0.0,0.0
NFNGAGGGDGGLLTANEK,0.0,0.0,0.0,0.0,0.0
NGAVVFVAAMSCESAGYLEGGK,0.0,0.0,0.0,0.0,0.0
NGFGGAGGGDGAVLTANEK,0.0,0.0,0.0,0.0,0.0
NGGGTKSTFSSGSAVVGVSSNR,0.0,0.0,0.0,0.0,0.0
NGLYLGEYR,0.0,0.0,0.0,0.0,0.0
NGSFGAGGFGGSR,0.0,0.0,0.0,0.0,0.0
NGSGGSYGGGGSGGGYGNSSGR,0.0,0.0,0.0,0.0,0.0
NGVLDNLTMEK,0.0,0.0,0.0,0.0,0.0
NHEEKMPQTK,0.0,0.0,0.0,0.0,0.0
NHNGGFGGGGFSGR,0.0,0.0,0.0,0.0,0.0
NLEDNLNVVENWQFLTGSK,0.0,0.0,0.0,0.0,0.0
NLSLSLMWQASAGTCCDLLSGWGNTK,0.0,0.0,0.0,0.0,0.0
NMKDMDEDYR,0.0,0.0,0.0,0.0,0.0
NNPPNDLEDALQQAK,0.0,0.0,0.0,0.0,0.0
NNQSWLMNMQDLVEDYK,0.0,0.0,0.0,0.0,0.0
NPALTSNMCSMNQNCAGYLEGGK,0.0,0.0,0.0,0.0,0.0
NPTGNHGTEENLTYLQLK,0.0,0.0,0.0,0.0,0.0
NQYEDLAQK,0.0,0.0,0.0,0.0,0.0
NSELTANLLLQLDANR,0.0,0.0,0.0,0.0,0.0
NSGELLQQVDTTSR,0.0,0.0,0.0,0.0,0.0
NSGGGGGLGSTVNR,0.0,0.0,0.0,0.0,0.0
NSKLELKVEAVERQR,0.0,0.0,0.0,0.0,0.0
NSLGGGFSSGGFSSFNSR,0.0,0.0,0.0,0.0,0.0
NSLGNFSSGGFSGSGFSR,0.0,0.0,0.0,0.0,0.0
NSNTLNNDYPLLK,0.0,0.0,0.0,0.0,0.0
NSNTLNNNNFLLK,0.0,0.0,0.0,0.0,0.0
NSSSGGGYGSGGGGSSSVK,0.0,0.0,0.0,0.0,0.0
NSVYLLDVYHK,0.0,0.0,0.0,0.0,0.0
NSYELQLTAGR,0.0,0.0,0.0,0.0,0.0
NSYRNNDVPLLK,0.0,0.0,0.0,0.0,0.0
NTKAPEDVVHCHDSFLSASK,0.0,0.0,0.0,0.0,0.0
NVSWSVNVEMNAAPGVDLTQLLNNMR,0.0,0.0,0.0,0.0,0.0
NWRWLEDALQQAK,0.0,0.0,0.0,0.0,0.0
PLFQGYLDKVTR,0.0,0.0,0.0,0.0,0.0
QALADWGGVMVSHR,0.0,0.0,0.0,0.0,0.0
QANKVVDHLGQTVFDDDLR,0.0,0.0,0.0,0.0,0.0
QCCCYVAAMLK,0.0,0.0,0.0,0.0,0.0
QDDESEYDDLR,0.0,0.0,0.0,0.0,0.0
QDEYGPHGYGSGR,0.0,0.0,0.0,0.0,0.0
QDGTFEDFVEGLR,0.0,0.0,0.0,0.0,0.0
QELAELNR,0.0,0.0,0.0,2837000.0,0.0
QELECGQNQEYSLLLSLK,0.0,0.0,0.0,0.0,0.0
QETLQGETTYEQLLAK,0.0,0.0,0.0,0.0,0.0
QEWHTMLAK,0.0,0.0,0.0,0.0,0.0
QEYEQLLLK,0.0,0.0,0.0,0.0,0.0
QEYGQYALAVR,0.0,0.0,0.0,0.0,0.0
QEYGVDLLAK,0.0,0.0,0.0,0.0,0.0
QGCGQLQNALADAEQR,0.0,0.0,0.0,0.0,0.0
QGVDADLDVAR,0.0,0.0,0.0,0.0,0.0
QGVPFLQAALTDAEQR,0.0,0.0,0.0,0.0,0.0
QGYEESLDHLETLKR,0.0,0.0,0.0,0.0,0.0
QLELQAALQQAK,0.0,0.0,0.0,0.0,0.0
QLERDNAELENLLR,0.0,0.0,0.0,0.0,0.0
QLGKGSVWGSGCGAAGK,0.0,0.0,0.0,0.0,0.0
QLGKGVSWGSGGCAQK,0.0,0.0,0.0,0.0,0.0
QLGLVEWGSGGCAQK,0.0,0.0,0.0,0.0,0.0
QLGLVHHGSGCGAQK,0.0,0.0,0.0,0.0,0.0
QLGLVSADGSGDANK,0.0,0.0,0.0,0.0,0.0
QLGLVSCCCNPAQK,0.0,0.0,0.0,0.0,0.0
QLGLVSWGSDCAQK,0.0,0.0,0.0,0.0,0.0
QLGLVSWGSGGNPK,0.0,0.0,0.0,0.0,0.0
QLGLVSWMFLWELQGLVSWGSGCGAQK,0.0,0.0,0.0,0.0,0.0
QLGLVVWGPECACK,0.0,0.0,0.0,0.0,0.0
QLGLWPTGSGCGAQK,0.0,0.0,0.0,0.0,0.0
QLLELNQLK,0.0,0.0,0.0,0.0,0.0
QLLELNQVK,0.0,0.0,0.0,0.0,0.0
QLQALSALEEQLQQLR,0.0,0.0,0.0,0.0,0.0
QLSYLDGAVKALEEANNDLENK,0.0,0.0,0.0,0.0,0.0
QLTDSANLLLQLDNAR,0.0,0.0,0.0,0.0,0.0
QLTVNDLPVGR,0.0,0.0,0.0,0.0,0.0
QLVDLTVGNNK,0.0,0.0,0.0,0.0,0.0
QMNYVGPVMK,0.0,0.0,0.0,0.0,0.0
QMNYVGVVMK,0.0,0.0,0.0,0.0,0.0
QMNYVSPVMK,0.0,0.0,0.0,0.0,0.0
QNEMNRNLLEGGQEEFESSGAGK,0.0,0.0,0.0,0.0,0.0
QNNGHLAALELQSAGLSK,0.0,0.0,0.0,0.0,0.0
QNQGFEWVAFK,0.0,0.0,0.0,0.0,0.0
QPGDVYGTSNMFTAGYLEGGK,0.0,0.0,0.0,0.0,0.0
QPGLLQNLDALVEAFR,0.0,0.0,0.0,0.0,0.0
QPLLQNLDLGELAFR,0.0,0.0,0.0,0.0,0.0
QPMVDLTRQFVDQLVDLTVGMPK,0.0,0.0,0.0,0.0,0.0
QPTAPDMSEGGK,0.0,0.0,0.0,0.0,0.0
QQGEADLDLGR,0.0,0.0,0.0,0.0,0.0
QQLQNDLNQSAR,0.0,0.0,0.0,0.0,0.0
QQPSAQLSEFATEELAYLKK,0.0,0.0,0.0,0.0,0.0
QRSAENEFVTLK,0.0,0.0,0.0,0.0,0.0
QSAEAGDFVTLKK,0.0,0.0,0.0,0.0,0.0
QSAENFEVTLK,0.0,0.0,0.0,0.0,0.0
QSDSGTDYAVLQLNSR,0.0,0.0,0.0,0.0,0.0
QSDYNADVFEK,0.0,0.0,0.0,0.0,0.0
QSELTNVLLSMDNNR,0.0,0.0,0.0,0.0,0.0
QSLEASLAEEWK,0.0,0.0,0.0,0.0,0.0
QSSSYGPHGYSNR,0.0,0.0,0.0,0.0,0.0
QSTVAVALTLAWGHAPR,0.0,0.0,0.0,0.0,0.0
QSVEADLNLGR,0.0,0.0,0.0,0.0,0.0
QSYNLGEVFEK,0.0,0.0,0.0,0.0,0.0
QTYTFTLHNAR,0.0,0.0,0.0,0.0,0.0
QVASGGLQQSLSDAEQR,0.0,0.0,0.0,0.0,0.0
QVDLDSLLAELR,0.0,0.0,0.0,0.0,0.0
QVDLDSLLGGNLK,0.0,0.0,0.0,0.0,0.0
QVDLEDALGAQAGK,0.0,0.0,0.0,0.0,0.0
QVDLEEALDAAAK,0.0,0.0,0.0,0.0,0.0
QVETLLNQPGCYK,0.0,0.0,0.0,0.0,0.0
QVFGMVLDAVTLR,0.0,0.0,0.0,0.0,0.0
QVGNLLASQSYR,0.0,0.0,0.0,0.0,0.0
QVLDNDVFEK,0.0,0.0,0.0,0.0,0.0
QVLDQVTEMK,0.0,0.0,0.0,0.0,0.0
QVLEGGQEDFESSGAGK,0.0,0.0,0.0,0.0,0.0
QVLLHMQNTSLLNTK,0.0,0.0,0.0,0.0,0.0
QVNVVEENGQFLSASK,0.0,0.0,0.0,0.0,0.0
QVPSTVKPTLVEVSR,0.0,0.0,0.0,0.0,0.0
QVQLDPTLGAR,0.0,0.0,0.0,0.0,0.0
QVRNELNELTR,0.0,0.0,0.0,0.0,0.0
QVTEEMAVLDETLAK,0.0,0.0,0.0,0.0,0.0
QVTGAVNAVLEAALGR,0.0,0.0,0.0,0.0,0.0
QVVEVDAAGKYGVYK,0.0,0.0,0.0,0.0,0.0
QVVVEDFANQLSASK,0.0,0.0,0.0,0.0,0.0
QWEHPYDNFNEQLSNLEAQLTDVR,0.0,0.0,0.0,0.0,0.0
QYDRLEQNYVSWLK,0.0,0.0,0.0,0.0,0.0
RAMPEDALKQNKMEPAR,0.0,0.0,0.0,0.0,0.0
RAPVWLNAAVHSR,0.0,0.0,0.0,0.0,0.0
RDDNEEGFFSAR,0.0,0.0,0.0,0.0,0.0
RGESGSVNVEMNAAPVGDLTQLLNNMR,0.0,0.0,0.0,0.0,0.0
RHFEADVVLLLR,0.0,0.0,0.0,0.0,0.0
RPSAGHQVPTSLTLHHPR,0.0,0.0,0.0,0.0,0.0
RSLYVQALEEANNDLENK,0.0,0.0,0.0,0.0,0.0
RSSTEPTDDMQDLVEDYKK,0.0,0.0,0.0,0.0,0.0
RVALEQDLQTYR,0.0,0.0,0.0,0.0,0.0
RVVEELTLAR,0.0,0.0,0.0,0.0,0.0
RWRQENKYETQLVWWHEVSVMEEVQSSAK,0.0,0.0,0.0,0.0,0.0
SAAWSWLLQLTK,0.0,0.0,0.0,0.0,0.0
SALGSHLETVLLGLLK,0.0,0.0,0.0,0.0,0.0
SANLDDLMLLK,0.0,0.0,0.0,0.0,0.0
SCPPQGLTSNMFCAGYLEGGK,0.0,0.0,0.0,0.0,0.0
SENGGNSFRHGFSGGGFGGGGFGNR,0.0,0.0,0.0,0.0,0.0
SETNVLLLSMDMPR,0.0,0.0,0.0,0.0,0.0
SEYPANLTSNMFGCAGYLEGGK,0.0,0.0,0.0,0.0,0.0
SGAAVTNSR,0.0,0.0,0.0,0.0,0.0
SGGFNLSSGGFSGGSFSR,0.0,0.0,0.0,0.0,0.0
SGGGGGGGLGSGLSGR,0.0,0.0,0.0,0.0,0.0
SGGSFDKAGGFSGGSFSR,0.0,0.0,0.0,0.0,0.0
SGPKAQLSALEEQLQQLR,0.0,0.0,0.0,0.0,0.0
SGPPSNNQQSLSDAEQR,0.0,0.0,0.0,0.0,0.0
SGSSGNYSSGSSSYGSNR,0.0,0.0,0.0,0.0,0.0
SHMLNLNVVEGNEKPYSASK,0.0,0.0,0.0,0.0,0.0
SKLMQDGKGFSSGSAVVSDNK,0.0,0.0,0.0,0.0,0.0
SLGLDLDNTR,0.0,0.0,0.0,0.0,0.0
SLGMEQLSNLEAQLTDVR,0.0,0.0,0.0,0.0,0.0
SLGNFSSGGFSNYTGR,0.0,0.0,0.0,0.0,0.0
SLLYALK,0.0,0.0,0.0,0.0,0.0
SLPAQVAGYLSSAR,0.0,0.0,0.0,0.0,0.0
SLVAVGGTK,0.0,0.0,0.0,0.0,0.0
SLVGLGLSK,0.0,0.0,0.0,0.0,0.0
SMFVLLLSPHSK,0.0,0.0,0.0,0.0,0.0
SNGNYVSWLK,0.0,0.0,0.0,0.0,0.0
SPFGSPQLVALGVR,0.0,0.0,0.0,0.0,0.0
SPFSSLSSVR,0.0,0.0,0.0,0.0,0.0
SPFSSLSVSR,0.0,0.0,0.0,0.0,0.0
SPGGFSSGSAGLLDYQR,0.0,0.0,0.0,0.0,0.0
SPGVSYAGPTLLQEAADVHAR,0.0,0.0,0.0,0.0,0.0
SPNPLLMEYMFGCAGYLEGGK,0.0,0.0,0.0,0.0,0.0
SPPTTELDDNLEKMVGYK,0.0,0.0,0.0,0.0,0.0
SPSYLDKVKALEEANDDLENK,0.0,0.0,0.0,0.0,0.0
SQLVAELELQSQLALK,0.0,0.0,0.0,0.0,0.0
SQQSSELNNMQDLVEDYK,0.0,0.0,0.0,0.0,0.0
SSGTGSYPDVLK,0.0,0.0,0.0,0.0,0.0
SSGTSGYPDVLK,0.0,0.0,0.0,0.0,0.0
SSTGSYPDVLK,0.0,0.0,0.0,0.0,0.0
STVIGGVNADYSVLTDKDEAGNR,0.0,0.0,0.0,0.0,0.0
SVTLPALLTK,0.0,0.0,0.0,0.0,0.0
SVTLPALTLK,0.0,0.0,0.0,0.0,0.0
SVVYVLR,0.0,0.0,0.0,0.0,0.0
SYLADRKALAMKEAPNDLENKGLGADEGYDK,0.0,0.0,0.0,0.0,0.0
TAAEQDFVVLK,0.0,0.0,0.0,0.0,0.0
TALEDNFVVLK,0.0,0.0,0.0,7872700.0,0.0
TATAAAESLYQSK,0.0,0.0,0.0,0.0,0.0
TAVLEEQLQQLR,0.0,0.0,0.0,0.0,0.0
TAVSQESLYQSK,0.0,0.0,0.0,0.0,0.0
TDQRLLSELNR,0.0,0.0,0.0,0.0,0.0
TEAQGCENTEYQQLLDLK,0.0,0.0,0.0,0.0,0.0
TEELAYLK,0.0,0.0,0.0,0.0,0.0
TELTELDDNLEQLSSYK,0.0,0.0,0.0,0.0,0.0
TFFPSLVGRPR,0.0,0.0,0.0,0.0,0.0
TFLALCEQNLR,0.0,0.0,0.0,0.0,0.0
TGAQLTDSQVLLSMDDNR,0.0,0.0,0.0,0.0,0.0
TGGVEADLDRGLR,0.0,0.0,0.0,0.0,0.0
TGSKDWYDKK,0.0,0.0,0.0,0.0,0.0
TGYPWLTSNMFGCAGYLEGGK,0.0,0.0,0.0,0.0,0.0
THLNEPYFESFLNNLR,0.0,0.0,0.0,0.0,0.0
THNLEPYFEDFLNNLR,0.0,0.0,0.0,0.0,0.0
THNLEPYFEKHVGKHTAR,0.0,0.0,0.0,0.0,0.0
THNLEPYFESFLDRAR,0.0,0.0,0.0,0.0,0.0
THNLEPYFESFLDRLNR,0.0,0.0,0.0,0.0,0.0
THNLEPYFESFLNRAR,0.0,0.0,0.0,0.0,0.0
THNLEPYFESFLNRRAR,0.0,0.0,0.0,0.0,0.0
THNLERHMECMLPRVK,0.0,0.0,0.0,0.0,0.0
THSLEPYFESYLSSLR,0.0,0.0,0.0,0.0,0.0
THYDAELKLSHKSVTDTNVLLSMDNDK,0.0,0.0,0.0,0.0,0.0
TLADLELHYKEYPR,0.0,0.0,0.0,0.0,0.0
TLDELVLTK,0.0,0.0,0.0,0.0,0.0
TLGFWELSELNR,0.0,0.0,0.0,0.0,0.0
TLLDLSDAAR,0.0,0.0,0.0,0.0,0.0
TLNDTLQEYDSLQLAK,0.0,0.0,0.0,0.0,0.0
TLNDTLQEYQETTLAK,0.0,0.0,0.0,0.0,0.0
TLNDVDKEYNDTLLAK,0.0,0.0,0.0,0.0,0.0
TLVDVDLHYKEYPR,0.0,0.0,0.0,0.0,0.0
TMLQSPSRLLQEAADVHAR,0.0,0.0,0.0,0.0,0.0
TPAAVGWHYFEYEELLSGWGASGK,0.0,0.0,0.0,0.0,0.0
TPDEADPTNLK,0.0,0.0,0.0,0.0,0.0
TPGAMEHELVLQHLR,0.0,0.0,0.0,0.0,0.0
TPGEATLTKGNVLLQLDNAR,0.0,0.0,0.0,0.0,0.0
TPGPYLNRRALLQLDNAR,0.0,0.0,0.0,0.0,0.0
TPLVGKPSLPNSHK,0.0,0.0,0.0,0.0,0.0
TPLYLEK,0.0,0.0,0.0,0.0,0.0
TPQMEHELVLHQLR,0.0,0.0,0.0,0.0,0.0
TPTELLK,0.0,0.0,0.0,0.0,0.0
TQLTQLEHEVSSSGQEVQSGTK,0.0,0.0,0.0,0.0,0.0
TREPLKSDEVLIRGGRK,0.0,0.0,0.0,0.0,0.0
TSGNYPNLEGLKEELVFTR,0.0,0.0,0.0,0.0,0.0
TTAEDFQVMLK,0.0,0.0,0.0,0.0,0.0
TTAENEFVFLQK,0.0,0.0,0.0,0.0,0.0
TTELDNNLEQLSSYK,0.0,0.0,0.0,0.0,0.0
TVALEQELAGQLR,0.0,0.0,0.0,0.0,0.0
TVASAGESLYQSK,0.0,0.0,0.0,0.0,0.0
TVELGEELSLVK,0.0,0.0,0.0,0.0,0.0
TVGDDAFASFLDK,0.0,0.0,0.0,0.0,0.0
TVGSLSVAGGGGFGGAAGGFNR,0.0,0.0,0.0,0.0,0.0
TVKYMPVVEAYK,0.0,0.0,0.0,0.0,0.0
TVLEAAELAK,0.0,0.0,0.0,0.0,0.0
TVTSLDLVPLR,0.0,0.0,0.0,0.0,0.0
TVVANTVLEEELR,0.0,0.0,0.0,0.0,0.0
TVVHPSYASNTNSHSGLMLLK,0.0,0.0,0.0,0.0,0.0
TWRVRVEEELR,0.0,0.0,0.0,0.0,0.0
TYTSDPLVALR,0.0,0.0,0.0,0.0,0.0
VAAEEAQGDLEVK,0.0,0.0,0.0,0.0,0.0
VAALDVELEPHK,0.0,0.0,0.0,0.0,0.0
VAALGLLEEMR,0.0,0.0,0.0,0.0,0.0
VAALLDVAQLSDLLK,0.0,0.0,0.0,0.0,0.0
VADLDSLLAEVK,0.0,0.0,0.0,0.0,0.0
VALVTVDEELR,0.0,0.0,0.0,0.0,0.0
VCNYVSGELK,0.0,0.0,0.0,0.0,0.0
VDALLDELDFLR,0.0,0.0,0.0,0.0,0.0
VDGYTLTQTPFLK,0.0,0.0,0.0,0.0,0.0
VDLLGKDDGYFLK,0.0,0.0,0.0,0.0,0.0
VDLLTEYAGNFLK,0.0,0.0,0.0,0.0,0.0
VDPGYSAAGVK,0.0,0.0,0.0,0.0,0.0
VEFANLATGK,0.0,0.0,0.0,0.0,0.0
VEVELLR,0.0,0.0,0.0,0.0,0.0
VFDTSVVANMVKRR,0.0,0.0,0.0,0.0,0.0
VGCNYVENGKK,0.0,0.0,0.0,0.0,0.0
VGCNYVVYQK,0.0,0.0,0.0,0.0,0.0
VGDLLLFNQKENK,0.0,0.0,0.0,0.0,0.0
VGLDELTALR,0.0,0.0,0.0,0.0,0.0
VGNADYFMLALR,0.0,0.0,0.0,0.0,0.0
VHQFDANNLLEGGQEDFESSGAGK,0.0,0.0,0.0,0.0,0.0
VLANVFVEAVRK,0.0,0.0,0.0,0.0,0.0
VLLSMDSNR,0.0,0.0,0.0,0.0,0.0
VLQAHLSDTSVLVK,0.0,0.0,0.0,0.0,0.0
VLQFSDAVAHLDLNKK,0.0,0.0,0.0,0.0,0.0
VLQFSDGLAHLDNLK,0.0,0.0,0.0,0.0,0.0
VLWYELSQLHQSVTDTNVLLSMDNDK,0.0,0.0,0.0,0.0,0.0
VNDYLDKVKALEEANNDLENK,0.0,0.0,0.0,0.0,0.0
VNELDDFVQK,0.0,0.0,0.0,0.0,0.0
VPLPMVALFETHTFK,0.0,0.0,0.0,0.0,0.0
VPPKELPNELCQTNLSK,0.0,0.0,0.0,0.0,0.0
VPTANVSVVDWTSR,0.0,0.0,0.0,0.0,0.0
VPYFKNLNLTNSNYSPYVR,0.0,0.0,0.0,0.0,0.0
VQMGGGSSFGNSGFSGGGFGGGGFGNR,0.0,0.0,0.0,0.0,0.0
VQPLEPLFQGYLDKVTR,0.0,0.0,0.0,0.0,0.0
VSALDLDNTR,0.0,0.0,0.0,0.0,0.0
VSMEVSWLK,0.0,0.0,0.0,0.0,0.0
VTAHAMFASFLDVHVR,0.0,0.0,0.0,0.0,0.0
VTAPNQFASFPMHVVR,0.0,0.0,0.0,0.0,0.0
VTAYRDKALALEEADNDLENK,0.0,0.0,0.0,0.0,0.0
VTGALPLNVELDPELQK,0.0,0.0,0.0,0.0,0.0
VTGGGLGPLNLPLLADVTR,0.0,0.0,0.0,0.0,0.0
VTLTPLNLELDPNAQR,0.0,0.0,0.0,0.0,0.0
VTMKNLCANLPASYLDKVR,0.0,0.0,0.0,0.0,0.0
VTMQDAVGDR,0.0,0.0,0.0,27764000.0,0.0
VTVTPVYYLPLEAVK,0.0,0.0,0.0,0.0,0.0
VVMANGGSQNNTQDLVEDGTGSPK,0.0,0.0,0.0,0.0,0.0
VVPSGMSWQKMYYLLSGWGNTK,0.0,0.0,0.0,0.0,0.0
VVSPGLYRLDAGTQCGLLSGWGNTK,0.0,0.0,0.0,0.0,0.0
VVTMLKDGEGGK,0.0,0.0,0.0,0.0,0.0
VYLDVELATYKR,0.0,0.0,0.0,0.0,0.0
WALKWQNQFASFLDKVR,0.0,0.0,0.0,0.0,0.0
WAYKEYHPWTLDNDLVPLK,0.0,0.0,0.0,0.0,0.0
WCNGSREMHGSGGGSYGSGGGGGNR,0.0,0.0,0.0,0.0,0.0
WCSAMRYESVSVSTSHTTLSEER,0.0,0.0,0.0,0.0,0.0
WDGKFLVSFLDKVR,0.0,0.0,0.0,0.0,0.0
WDLNLNVVEGDAGEFLSASK,0.0,0.0,0.0,0.0,0.0
WEAEYFNEK,0.0,0.0,0.0,0.0,0.0
WEPSLRDTLTNTANFLK,0.0,0.0,0.0,0.0,0.0
WGDLDLNVVEGNEQFLSASK,0.0,0.0,0.0,0.0,0.0
WGLELLEETLSEHSYYLK,0.0,0.0,0.0,0.0,0.0
WGTLLQEQASK,0.0,0.0,0.0,0.0,0.0
WHCQPLGKPLYWYWWGDWEQYLENK,0.0,0.0,0.0,0.0,0.0
WHRDREQNGQELSNLEAQLTDVR,0.0,0.0,0.0,0.0,0.0
WLDNLNVVEGNEKPYSAEK,0.0,0.0,0.0,0.0,0.0
WLEDNLGVQQAKEMPAR,0.0,0.0,0.0,0.0,0.0
WLEMQLESLTEELAYLKR,0.0,0.0,0.0,0.0,0.0
WLESLPTSWWMLCLLSGWGNLR,0.0,0.0,0.0,0.0,0.0
WLHFTVDSNTLDNDLMLLK,0.0,0.0,0.0,0.0,0.0
WLHLAYDSNTLDNDLMLLK,0.0,0.0,0.0,0.0,0.0
WLHPSFMNNTLNNDLMLLK,0.0,0.0,0.0,0.0,0.0
WLLEGLEDALQK,0.0,0.0,0.0,0.0,0.0
WLNHDSKYETLQEGPELLK,0.0,0.0,0.0,0.0,0.0
WLPVRNLHNGTGSGGCLMVTFK,0.0,0.0,0.0,0.0,0.0
WLSMWLEEAKEELAYLKK,0.0,0.0,0.0,0.0,0.0
WNEVLNVVEGNEQFLSATR,0.0,0.0,0.0,0.0,0.0
WNEVLTLDEGNAVSFLSASK,0.0,0.0,0.0,0.0,0.0
WNNNLNVVEGNEQFLSASGK,0.0,0.0,0.0,0.0,0.0
WNNNLNVVEQDGQFLSASKK,0.0,0.0,0.0,0.0,0.0
WNWWYRNNPAAPGVDLTQLLNNMR,0.0,0.0,0.0,0.0,0.0
WRDNLVNSDTLNDDLMLLK,0.0,0.0,0.0,0.0,0.0
WRLPLTQMYWEYQNQYETLQEELMALKK,0.0,0.0,0.0,0.0,0.0
WRLVQTLFQYDYMMYETLQEELMALK,0.0,0.0,0.0,0.0,0.0
WRNLQENSNTLNNDLMLLK,0.0,0.0,0.0,0.0,0.0
WRNQLFQQLGQPQEDLAR,0.0,0.0,0.0,0.0,0.0
WRPEKENSNTLNNDLMLLK,0.0,0.0,0.0,0.0,0.0
WRPEQWLSNTLNNDLMLLK,0.0,0.0,0.0,0.0,0.0
WRQQMLLLQLDNAR,0.0,0.0,0.0,0.0,0.0
WRQYYLTNTLNNDLMLLK,0.0,0.0,0.0,0.0,0.0
WRYQQNVDPKEELAYLK,0.0,0.0,0.0,0.0,0.0
WSMDNVNVWSVSTSHTTKASDGR,0.0,0.0,0.0,0.0,0.0
WWFGYSYGGGSGGGFSASSLGGGFGNDK,0.0,0.0,0.0,0.0,0.0
WWFGYSYGNSNGFSASSLGGGFGGGSR,0.0,0.0,0.0,0.0,0.0
WWLYGMDFAYEWWWPPYGGFGGGAGGGDGGLLTAADGK,0.0,0.0,0.0,0.0,0.0
WYSEAEEATKSTLNNDLLPVK,0.0,0.0,0.0,0.0,0.0
WYSYQVLSNTLNNDLMLLK,0.0,0.0,0.0,0.0,0.0
YAVQELELELQSQLSKGK,0.0,0.0,0.0,0.0,0.0
YDMMGGGGGSFGAPDSYR,0.0,0.0,0.0,0.0,0.0
YEEGSYLGKR,0.0,0.0,0.0,0.0,0.0
YEENQVTVGR,0.0,0.0,0.0,0.0,0.0
YFAPELLYYQGK,0.0,0.0,0.0,0.0,0.0
YFESFLNNLR,0.0,0.0,0.0,0.0,0.0
YFGELLDALSR,0.0,0.0,0.0,0.0,0.0
YFLTELLK,0.0,0.0,0.0,0.0,0.0
YFMVTYMEQNLR,0.0,0.0,0.0,0.0,0.0
YFSAAVLVEDLAAR,0.0,0.0,0.0,0.0,0.0
YGEELQLATGR,0.0,0.0,0.0,0.0,0.0
YGFYNAK,0.0,0.0,0.0,0.0,0.0
YGLELLTR,0.0,0.0,0.0,0.0,0.0
YGSFVTTAER,0.0,0.0,0.0,0.0,0.0
YGVKELLELGPCSQLSK,0.0,0.0,0.0,0.0,0.0
YNGSEMTLYLVMNKDQLVDLTVDGNK,0.0,0.0,0.0,0.0,0.0
YNGSQAQPNGRDDLKDQLVDLTVGGGNK,0.0,0.0,0.0,0.0,0.0
YNSPYYNTLDAREDKLVDLTVGNNK,0.0,0.0,0.0,0.0,0.0
YNSRMYSVDPDLKDQLVDLTVGNNK,0.0,0.0,0.0,0.0,0.0
YNTLDNNKDKLVDLTVGNNK,0.0,0.0,0.0,0.0,0.0
YNTLQNTKDQLVDLTVGGGNK,0.0,0.0,0.0,0.0,0.0
YPEKQLEVLQTKGWELLQQVDTSEK,0.0,0.0,0.0,0.0,0.0
YQHMQLPTNQEPVGSVEEQLNVVR,0.0,0.0,0.0,0.0,0.0
YSPDVLFLSASK,0.0,0.0,0.0,0.0,0.0
YSSVLPLLPTEK,0.0,0.0,0.0,0.0,0.0
YSWWGFSASSLGGFGEER,0.0,0.0,0.0,0.0,0.0
YVDMYVFAHLLLLR,0.0,0.0,0.0,0.0,0.0
YYGYTQFR,0.0,0.0,0.0,0.0,0.0
YYLMFSRRQGTQCGLLSGWGNTK,0.0,0.0,0.0,0.0,0.0
AAATALMLAPYEAQLESVR,0.0,0.0,0.0,0.0,0.0
AAPWLAEQSLSDAEQR,0.0,0.0,0.0,0.0,0.0
ADAPGVDLSR,0.0,0.0,0.0,0.0,0.0
AELPTSCMNNGLSLLSGWGNTK,0.0,0.0,0.0,0.0,0.0
AEVHLAYNSDTLNNDLMLLK,0.0,0.0,0.0,0.0,0.0
AFFDVYLR,0.0,0.0,0.0,0.0,0.0
ALDLELATYR,0.0,0.0,0.0,0.0,0.0
ALEELLQSQLALK,0.0,0.0,0.0,0.0,0.0
ALEESNYELKWLKEWYEKHGNSHQGEPR,0.0,0.0,0.0,0.0,0.0
ALFLAHVNK,0.0,0.0,0.0,0.0,0.0
ALLEVVQSNK,0.0,0.0,0.0,0.0,0.0
ALNSMGKDKNRHCVLR,0.0,0.0,0.0,0.0,0.0
ALRDPLTSHWQEWSAMQYETLQEELMALKK,0.0,0.0,0.0,0.0,0.0
ALTSPNSGLTHAGR,0.0,0.0,0.0,0.0,0.0
ANPLTYNTSNMFGCAGYLEGGK,0.0,0.0,0.0,0.0,0.0
ANSPLNLNVVEGNEAGFLSASK,0.0,0.0,0.0,0.0,0.0
APLEDLKVSMR,0.0,0.0,0.0,0.0,0.0
APLLSDSSAAYGSNYVSEGLK,0.0,0.0,0.0,0.0,0.0
APLLSDSSGCK,0.0,0.0,0.0,0.0,0.0
APSTYGNLSVSSR,0.0,0.0,0.0,0.0,0.0
APTADVLAPPQAHK,0.0,0.0,0.0,0.0,0.0
APVDWYDKKGPAALQK,0.0,0.0,0.0,0.0,0.0
AQGPTGKSTLVENGEQFLSASK,0.0,0.0,0.0,0.0,0.0
ASASLNSSGSTYPDVLK,0.0,0.0,0.0,0.0,0.0
ASFLDKVR,0.0,0.0,0.0,0.0,0.0
ASFLDVKR,0.0,0.0,0.0,0.0,0.0
ASYTSGLETLLNLPLKR,0.0,0.0,0.0,0.0,0.0
ATPRNFQVCSDAEQR,0.0,0.0,0.0,0.0,0.0
AWYYTFEPDENQTGPCGK,0.0,0.0,0.0,0.0,0.0
CCHNHKFGAGGGFGSR,0.0,0.0,0.0,0.0,0.0
CNYVSWLK,0.0,0.0,0.0,0.0,0.0
CPDEMEQNQEYSLLLSLK,0.0,0.0,0.0,0.0,0.0
CPGLSLPTRASAGTQSWLSGWMLR,0.0,0.0,0.0,0.0,0.0
CPPMEDDLEEYSLLLSLK,0.0,0.0,0.0,0.0,0.0
CPVHTVEEWSGGTLNNDLLPVK,0.0,0.0,0.0,0.0,0.0
DCKSACKCPNVSVSVSTSHTTLDNSGK,0.0,0.0,0.0,0.0,0.0
DCNYVSWLK,0.0,0.0,0.0,0.0,0.0
DFLEDAPFVPRR,0.0,0.0,0.0,0.0,0.0
DGAGNTHSLSELLSDPSDDTK,0.0,0.0,0.0,0.0,0.0
DLHQTVLHDDMVEDYR,0.0,0.0,0.0,0.0,0.0
DLSTHELEDALKKAKEDLAR,0.0,0.0,0.0,0.0,0.0
DPADKDFVTLK,0.0,0.0,0.0,0.0,0.0
DPAGNGKLESFATEELAYLK,0.0,0.0,0.0,0.0,0.0
DPGLGLHTLTEPCWDLLSGWGNTK,0.0,0.0,0.0,0.0,0.0
DPHELVLTNLHQSVTDTNVLLSMDNSR,0.0,0.0,0.0,0.0,0.0
DPNGPEVVPAGLAHHFGK,0.0,0.0,0.0,0.0,0.0
DVWDEKNLLEGGQEDFESSGAGK,0.0,0.0,0.0,0.0,0.0
EAAWFNEK,0.0,0.0,0.0,0.0,0.0
EAFASSSNVLK,0.0,0.0,0.0,0.0,0.0
EAHSQGTTTFAVTSLLR,0.0,0.0,0.0,0.0,0.0
EARWLQLDGNLSFASFLDK,0.0,0.0,0.0,0.0,0.0
ECMDYVSWLK,0.0,0.0,0.0,0.0,0.0
EDWVRDVSCLLPLK,0.0,0.0,0.0,0.0,0.0
EEGNFVHGYLEGGK,0.0,0.0,0.0,0.0,0.0
EEHTWNTNSMFCAGYLEGGK,0.0,0.0,0.0,0.0,0.0
EGEGNNFNEK,0.0,0.0,0.0,0.0,0.0
EGETWFLSGK,0.0,0.0,0.0,0.0,0.0
EGGTEFKVQELMGSAK,0.0,0.0,0.0,0.0,0.0
EGLDGADCDEGGK,0.0,0.0,0.0,0.0,0.0
EGVNDNEEGFFSR,0.0,0.0,0.0,0.0,0.0
EHLVLMEDLDSQADK,0.0,0.0,0.0,0.0,0.0
EHNLEPYFESFLNNLR,0.0,0.0,0.0,0.0,0.0
EKLLSLK,0.0,0.0,0.0,0.0,0.0
EKSLTTELDNDLEKLSWMAKAKYLENK,0.0,0.0,0.0,0.0,0.0
ELATGVCELLQSQLSMK,0.0,0.0,0.0,0.0,0.0
ELAWCGQNQEYSLLLSLK,0.0,0.0,0.0,0.0,0.0
ELEFYFHWFCGAGYLEGGK,0.0,0.0,0.0,0.0,0.0
ELHVPLKNPDDPDTVDVLMHMPMLGTHDR,0.0,0.0,0.0,41648.0,0.0
ELLGCQDALAEVLGGQLK,0.0,0.0,0.0,0.0,0.0
ELPNLDAESFATEELAYLK,0.0,0.0,0.0,0.0,0.0
ELSEMQLEGLKEELAYLKR,0.0,0.0,0.0,0.0,0.0
ELSYLDPVAKALETVNNDLENK,0.0,0.0,0.0,0.0,0.0
ELTEALFKLELELPGCFK,0.0,0.0,0.0,0.0,0.0
EMERRWVLKFNATPELLQQVDTSTR,0.0,0.0,0.0,0.0,0.0
EMESGYLEGGK,0.0,0.0,0.0,0.0,0.0
EMESHDSDFGFSAR,0.0,0.0,0.0,0.0,0.0
EMGSPELEDALQQAK,0.0,0.0,0.0,0.0,0.0
EMLMNYNMLLK,0.0,0.0,0.0,0.0,0.0
EMNYVSPVMK,0.0,0.0,0.0,0.0,0.0
EPLKPLNVELDEPLQK,0.0,0.0,0.0,0.0,0.0
EPLQNVK,0.0,0.0,0.0,0.0,0.0
EQGMHDDPGSGCGAQK,0.0,0.0,0.0,0.0,0.0
EQKDMFLQMLQEQLSNLEAQLTDVR,0.0,0.0,0.0,0.0,0.0
ESNQMGLQTMQDLVEDYKK,0.0,0.0,0.0,0.0,0.0
ESSFAMPDLLPVK,0.0,0.0,0.0,0.0,0.0
ETDPDEQSSSYLSR,0.0,0.0,0.0,0.0,0.0
ETFNNDPVLLK,0.0,0.0,0.0,0.0,0.0
ETMPDFR,0.0,0.0,0.0,0.0,0.0
EVLDPELQKVK,0.0,0.0,0.0,0.0,0.0
EWLKLQMNVPLTEPTLEPLFQGYLDKSLR,0.0,0.0,0.0,0.0,0.0
EWSHGNSGFGWSNSYGGGEEASGSGGGYGGGSGK,0.0,0.0,0.0,0.0,0.0
EWYVVLEVK,0.0,0.0,0.0,0.0,0.0
FEMEVAQGR,0.0,0.0,0.0,0.0,0.0
FESFLNGGLR,0.0,0.0,0.0,0.0,0.0
FGCFDLFQELKGDDR,0.0,0.0,0.0,0.0,0.0
FGNGGGSSFGNSGFSNGFNGGFGNR,0.0,0.0,0.0,0.0,0.0
FLLYMK,0.0,0.0,0.0,0.0,0.0
FMNLEFASFLDKVR,0.0,0.0,0.0,0.0,0.0
FSASSLGGGFGSNR,0.0,0.0,0.0,0.0,0.0
FSGNFYDTER,0.0,0.0,0.0,0.0,0.0
FSSSSGYNGSSR,0.0,0.0,0.0,0.0,0.0
FSTEELELKNQSQLSK,0.0,0.0,0.0,0.0,0.0
FVVAFFAAVAR,0.0,0.0,0.0,0.0,0.0
GFASFLDK,0.0,0.0,0.0,0.0,0.0
GFNGFGGGAGGGDGAVLTANEK,0.0,0.0,0.0,0.0,0.0
GFNGGVNFGYMESGGGFGGGGFGNR,0.0,0.0,0.0,0.0,0.0
GHLLEATADKKVVR,0.0,0.0,0.0,0.0,0.0
GPFSSSYTVR,0.0,0.0,0.0,0.0,0.0
GPGSGGGFSASSLGGPAMYR,0.0,0.0,0.0,0.0,0.0
GPSLNDEGNTK,0.0,0.0,0.0,0.0,0.0
GPYESGSHGSSAVHGR,0.0,0.0,0.0,30610000.0,0.0
GSGFSGVASGGFSGGSFSR,0.0,0.0,0.0,20320000.0,0.0
GTASSNLR,0.0,0.0,0.0,0.0,0.0
GTYPALNTSNMYWWYGGDVLQAGYLENK,0.0,0.0,0.0,0.0,0.0
GTYPGKLTSACAFLFCNMGDDKPAGYLENK,0.0,0.0,0.0,0.0,0.0
HCRVMELLMHEGGQEDFESSGAGK,0.0,0.0,0.0,0.0,0.0
HCYGSGWFYGSGGGSYGSGGGGGNR,0.0,0.0,0.0,0.0,0.0
HELSEMNR,0.0,0.0,0.0,0.0,0.0
HFMDNEEGFFSAR,0.0,0.0,0.0,0.0,0.0
HGGVNPKLELELESTGSK,0.0,0.0,0.0,0.0,0.0
HGLLELLTKDNK,0.0,0.0,0.0,0.0,0.0
HGLLMGLTLPESLR,0.0,0.0,0.0,0.0,0.0
HGPRWSHEVTKEELAYLKK,0.0,0.0,0.0,0.0,0.0
HGSSNHSSSYGQHGSGSGWSSSSGR,0.0,0.0,0.0,5922100.0,0.0
HLQLLAR,0.0,0.0,0.0,0.0,0.0
HMLTLLVR,0.0,0.0,0.0,0.0,0.0
HMSQAEAESLYQSK,0.0,0.0,0.0,0.0,0.0
HPVKELEANELQSQLSK,0.0,0.0,0.0,0.0,0.0
HQGLPQEVLWGPLGTK,0.0,0.0,0.0,0.0,0.0
HRYCYAEHGMGGGFSASSLGGGFGNSR,0.0,0.0,0.0,0.0,0.0
HTNLENFFQSFLNDLR,0.0,0.0,0.0,0.0,0.0
KAEQGLAALQQAK,0.0,0.0,0.0,0.0,0.0
KAHNLEPYFESFLNLNR,0.0,0.0,0.0,0.0,0.0
KDDLLLFSGK,0.0,0.0,0.0,0.0,0.0
KEMFLEQNLR,0.0,0.0,0.0,0.0,0.0
KENGFSSNFSGQYSR,0.0,0.0,0.0,0.0,0.0
KENLGPLNLPLLADVTR,0.0,0.0,0.0,0.0,0.0
KFDLEGEHFK,0.0,0.0,0.0,0.0,0.0
KGAQADPELTTPVK,0.0,0.0,0.0,0.0,0.0
KGGAALYQELMNVK,0.0,0.0,0.0,0.0,0.0
KGGGAGLEAHLQGGELAGPR,0.0,0.0,0.0,0.0,0.0
KGNLNDLDEALQQAK,0.0,0.0,0.0,0.0,0.0
KGNYVWTVK,0.0,0.0,0.0,0.0,0.0
KLFKSQLELELEWEK,0.0,0.0,0.0,0.0,0.0
KLSYLDQVQALEEANNDLENK,0.0,0.0,0.0,0.0,0.0
KLYQDEVALR,0.0,0.0,0.0,0.0,0.0
KQGDFSSGGFSGFSGSR,0.0,0.0,0.0,0.0,0.0
KSGAEAESLYAGSK,0.0,0.0,0.0,0.0,0.0
KSNLELSELRNVLQR,0.0,0.0,0.0,0.0,0.0
KSVLDGNDRMNWFFQLSEHYGSNTYK,0.0,0.0,0.0,0.0,0.0
KVLLLEGDLER,0.0,0.0,0.0,0.0,0.0
KYMNPSHESLKEELAYLKK,0.0,0.0,0.0,0.0,0.0
LAEESDYELEGK,0.0,0.0,0.0,0.0,0.0
LAGAAFALLKTDEPAR,0.0,0.0,0.0,0.0,0.0
LAGALEAANVNLK,0.0,0.0,0.0,0.0,0.0
LALNLFK,0.0,0.0,0.0,0.0,0.0
LAPEVEDALQQAVHEMPAR,0.0,0.0,0.0,0.0,0.0
LAPVVLENAR,0.0,0.0,0.0,0.0,0.0
LAVVLLVNEGK,0.0,0.0,0.0,0.0,0.0
LCELLQQVDTSTR,0.0,0.0,0.0,0.0,0.0
LCLEMQLELGKEELALYR,0.0,0.0,0.0,0.0,0.0
LDFGNSTMDTTFSGGGFGGGGFGNR,0.0,0.0,0.0,0.0,0.0
LECFEEERKWLQSNAEAQLTDVR,0.0,0.0,0.0,0.0,0.0
LEDVTGCLEGLKEELAYRLK,0.0,0.0,0.0,0.0,0.0
LEFMNHPMLENKEDFESSAGGK,0.0,0.0,0.0,0.0,0.0
LEKHGNLELELQSQLSK,0.0,0.0,0.0,0.0,0.0
LELSETHK,0.0,0.0,0.0,0.0,0.0
LELTDVER,0.0,0.0,0.0,0.0,0.0
LENATYKLEEEYENLLK,0.0,0.0,0.0,0.0,0.0
LENFEWLLQMFLPELPFTFK,0.0,0.0,0.0,0.0,0.0
LEQPNPLELELQSQLSK,0.0,0.0,0.0,0.0,0.0
LEQRYLNKNQCTLNSK,0.0,0.0,0.0,0.0,0.0
LERYKKLELELEQTCK,0.0,0.0,0.0,0.0,0.0
LFEQQNQVLKTQWELLQKVDGEMK,0.0,0.0,0.0,0.0,0.0
LFEQQNQVRKKTEGELLQQVDTSEK,0.0,0.0,0.0,0.0,0.0
LFSLYNGKFLPELYLDSLK,0.0,0.0,0.0,0.0,0.0
LGAGLCNEAGSHGAQK,0.0,0.0,0.0,0.0,0.0
LGAGLVWDGSGCGAGAK,0.0,0.0,0.0,0.0,0.0
LGEDNLNVHEMGCHFLSASK,0.0,0.0,0.0,0.0,0.0
LGNFSSGGFSGGSFSR,0.0,0.0,0.0,0.0,0.0
LGSGGGFSSGGFSNSFSR,0.0,0.0,0.0,0.0,0.0
LGSPAANQQSLSDAEQR,0.0,0.0,0.0,0.0,0.0
LGSSLTTELDPMLEQLSSYK,0.0,0.0,0.0,0.0,0.0
LHALAEAQALALEEADNDLEGGK,0.0,0.0,0.0,0.0,0.0
LHNRVELEGGK,0.0,0.0,0.0,0.0,0.0
LKDQLVDLTVGNNK,0.0,0.0,0.0,0.0,0.0
LLGAPLTHMKHYELANSPEEALSLAK,0.0,0.0,0.0,0.0,0.0
LLGNVLVFGYGR,0.0,0.0,0.0,0.0,0.0
LLLDVK,0.0,0.0,0.0,0.0,0.0
LLLVYPWTQR,0.0,0.0,0.0,0.0,0.0
LLYYFR,0.0,0.0,0.0,0.0,0.0
LMLLKLKSAARMNR,0.0,0.0,0.0,0.0,0.0
LNDGLLVLDVLR,0.0,0.0,0.0,0.0,0.0
LNEDGGLGGVVEGQDAGFLSASK,0.0,0.0,0.0,0.0,0.0
LNSLEAQLTDVR,0.0,0.0,0.0,0.0,0.0
LNSLSLYVYSAGTKSCDLSGWGNTK,0.0,0.0,0.0,0.0,0.0
LPALMADTVGHMCGDGYLEGGK,0.0,0.0,0.0,0.0,0.0
LPALMMEGSATNK,0.0,0.0,0.0,0.0,0.0
LPALSDNHTPCANYVSWLK,0.0,0.0,0.0,0.0,0.0
LPAWEEFFAMEAGYLEGGK,0.0,0.0,0.0,0.0,0.0
LPAYEDKVALR,0.0,0.0,0.0,0.0,0.0
LPEDNLDVVEGQDPLQHASK,0.0,0.0,0.0,0.0,0.0
LPEDNLNAVGNGEVEFLSASGGK,0.0,0.0,0.0,0.0,0.0
LPEDNLNPTEGKDQFLSASK,0.0,0.0,0.0,0.0,0.0
LPEDNLNVVQWDQFLSASK,0.0,0.0,0.0,0.0,0.0
LPEDNLNVVSGNGVNLYDASK,0.0,0.0,0.0,0.0,0.0
LPEDNLVNVEQGHTACESASK,0.0,0.0,0.0,0.0,0.0
LPEDRARVGNGGQDQFLSASK,0.0,0.0,0.0,0.0,0.0
LPEEANADLEVK,0.0,0.0,0.0,0.0,0.0
LPENDLNVVEGQDQFLSASK,0.0,0.0,0.0,0.0,0.0
LPEYGFQNELLVR,0.0,0.0,0.0,0.0,0.0
LPFEELVK,0.0,0.0,0.0,0.0,0.0
LPFELEVK,0.0,0.0,0.0,0.0,0.0
LPGMDNEEGFFSAR,0.0,0.0,0.0,0.0,0.0
LPGNHLDEVAGHVGK,0.0,0.0,0.0,0.0,0.0
LPGYEKDVALR,0.0,0.0,0.0,0.0,0.0
LPSLSMCCWPLRMPLLSGWGNTK,0.0,0.0,0.0,0.0,0.0
LPSVEEQLALQR,0.0,0.0,0.0,0.0,0.0
LPTGNNLNVVEGQDQFLSASK,0.0,0.0,0.0,0.0,0.0
LQAEAKSMYKEEYEELQLTAGR,0.0,0.0,0.0,0.0,0.0
LQFEFEQNLR,0.0,0.0,0.0,0.0,0.0
LQLVEEELDR,0.0,0.0,0.0,0.0,0.0
LQSNLQQSLSDAEQR,0.0,0.0,0.0,0.0,0.0
LRDDEETAVGTDLPLK,0.0,0.0,0.0,0.0,0.0
LSEAEAKLSELR,0.0,0.0,0.0,0.0,0.0
LSGAHSEPGVSMFSFQEFLTAAR,0.0,0.0,0.0,0.0,0.0
LSGGGFSSGGFSGFSGSR,0.0,0.0,0.0,18334000.0,0.0
LSGLLEYETR,0.0,0.0,0.0,0.0,0.0
LSGLSLVVSVMNHCCLLSGWGNTK,0.0,0.0,0.0,0.0,0.0
LSGNEGFAFSLEK,0.0,0.0,0.0,0.0,0.0
LSGPGGNLNVVEGDKQPYSASK,0.0,0.0,0.0,0.0,0.0
LSGPVVFKNASAGTQGCLLSGWGNTK,0.0,0.0,0.0,0.0,0.0
LSGSLSVAGGGGGFGDHAPPR,0.0,0.0,0.0,0.0,0.0
LSGVEEQLAQLR,0.0,0.0,0.0,0.0,0.0
LSGVNATVNNQFASFLDKVR,0.0,0.0,0.0,0.0,0.0
LSLPTLLK,0.0,0.0,0.0,0.0,0.0
LSLTNVESQLAELR,0.0,0.0,0.0,0.0,0.0
LSNVPGLLVPLDVK,0.0,0.0,0.0,0.0,0.0
LSRDMTASFLDAAKAR,0.0,0.0,0.0,0.0,0.0
LSSCCHLPAMLTLNNDLSSLLK,0.0,0.0,0.0,0.0,0.0
LSVEVSVR,0.0,0.0,0.0,0.0,0.0
LSVHMVECSSKLDNDLMLLK,0.0,0.0,0.0,0.0,0.0
LSVHPSYNSNTLNNDLMLLK,0.0,0.0,0.0,0.0,0.0
LTALLFASAGGEAESGGNK,0.0,0.0,0.0,0.0,0.0
LTDDLKDQLVDLVTGNNK,0.0,0.0,0.0,0.0,0.0
LTEEETVGCLDLDKVEAYR,0.0,0.0,0.0,0.0,0.0
LTLSQVGDLVR,0.0,0.0,0.0,0.0,0.0
LTPCQTHHYTLSDPSDDTK,0.0,0.0,0.0,0.0,0.0
LTQLLNGGMR,0.0,0.0,0.0,0.0,0.0
LTSNMFYEWMGHLGFAGYLENK,0.0,0.0,0.0,0.0,0.0
LTVDVDLHYQELFR,0.0,0.0,0.0,0.0,0.0
LVLQLDNAK,0.0,0.0,0.0,0.0,0.0
LYPLQYLVSR,0.0,0.0,0.0,6516400.0,0.0
LYPVGYFTK,0.0,0.0,0.0,0.0,0.0
MDGWLVEMPK,0.0,0.0,0.0,0.0,0.0
MFLSFTPTK,0.0,0.0,0.0,0.0,0.0
MFLYATPTK,0.0,0.0,0.0,0.0,0.0
MGTLTDELNFLR,0.0,0.0,0.0,0.0,0.0
MMHPALNAPLTSNMFEECPLHMAGYLENK,0.0,0.0,0.0,0.0,0.0
MPDLLQEQGTK,0.0,0.0,0.0,0.0,0.0
MPLHPSRVHFASFLDKVR,0.0,0.0,0.0,0.0,0.0
MTPTSQNLDMQDLVEDYK,0.0,0.0,0.0,0.0,0.0
NDDLTRWDDNLEQLSSYK,0.0,0.0,0.0,0.0,0.0
NEAAYFQFFEEAKSTEAFTR,0.0,0.0,0.0,0.0,0.0
NEPEHLLSLK,0.0,0.0,0.0,0.0,0.0
NGNSSYGGGGSGNYGGSGGSR,0.0,0.0,0.0,0.0,0.0
NHLLENQEDFESSGAGK,0.0,0.0,0.0,0.0,0.0
NKPRYTNAVHHYVSGELK,0.0,0.0,0.0,0.0,0.0
NLSLSNPQKASASAQCGLLSGWGNTK,0.0,0.0,0.0,0.0,0.0
NNGGYGSGGSSYGSGGGSYGSGGGGGGGR,0.0,0.0,0.0,0.0,0.0
NNNSEQLLAK,0.0,0.0,0.0,0.0,0.0
NNNYGSGGSSYGSGGGSYGSGGGGGGGR,0.0,0.0,0.0,0.0,0.0
NNNYGSGGSSYGSGGGSYGSGGGGGNR,0.0,0.0,0.0,0.0,0.0
NPAVDDMLSALSDLHAHK,0.0,0.0,0.0,0.0,0.0
NPFNGSSFNGSGFSGGGFGGGGFGNR,0.0,0.0,0.0,0.0,0.0
NPGTGASLLSGWGTGGK,0.0,0.0,0.0,0.0,0.0
NPVSTMDEPESVSVSTSHTTLDMVR,0.0,0.0,0.0,0.0,0.0
NSGGSYGGGGSGGYGGSSGNR,0.0,0.0,0.0,0.0,0.0
NSGNFSASSLGGFGGNSR,0.0,0.0,0.0,0.0,0.0
NSLGGGFSSGDGPRDWR,0.0,0.0,0.0,0.0,0.0
NSNLTPGKVDTCLK,0.0,0.0,0.0,0.0,0.0
NYNSTLNDNLMLLK,0.0,0.0,0.0,0.0,0.0
NYSPYYNTLDDNELKLVDLTVGNNK,0.0,0.0,0.0,0.0,0.0
NYSRFHYFNMLKDQLVDLTVGNNK,0.0,0.0,0.0,0.0,0.0
QAGKKKYMEKNLR,0.0,0.0,0.0,0.0,0.0
QAGVTELEDALQQAK,0.0,0.0,0.0,0.0,0.0
QALGTLEEQLKGSPR,0.0,0.0,0.0,1956500.0,0.0
QANNEFASFNNK,0.0,0.0,0.0,0.0,0.0
QAPGVDLTQLLNNMR,0.0,0.0,0.0,0.0,0.0
QASHDDFR,0.0,0.0,0.0,0.0,0.0
QAVGTQLEDALQQAK,0.0,0.0,0.0,0.0,0.0
QCLLLFASFLDKVR,0.0,0.0,0.0,0.0,0.0
QDEAWFNEK,0.0,0.0,0.0,0.0,0.0
QDLENKYESSAPTKLEHENVFGQEVQSSAK,0.0,0.0,0.0,0.0,0.0
QDRLQVSLQTYR,0.0,0.0,0.0,0.0,0.0
QEFLSASK,0.0,0.0,0.0,4056200.0,0.0
QEKSSSCMLQAWLSNLEAQLTDVR,0.0,0.0,0.0,0.0,0.0
QEQFYMWAEQQLSNLEAQLTDVR,0.0,0.0,0.0,0.0,0.0
QEVDQTYTLSDQLLAK,0.0,0.0,0.0,0.0,0.0
QGGMVPNANLLEGGQEDFESSAGGK,0.0,0.0,0.0,0.0,0.0
QHVNGLEQNLR,0.0,0.0,0.0,0.0,0.0
QLDLEEALQQSK,0.0,0.0,0.0,0.0,0.0
QLGHCHHSLSDAEQR,0.0,0.0,0.0,0.0,0.0
QLGLVSWGHDHGGK,0.0,0.0,0.0,0.0,0.0
QLGLVSWGSGGCQAK,0.0,0.0,0.0,0.0,0.0
QLGTLEEQLQQLR,0.0,0.0,0.0,0.0,0.0
QLNSLQQSLSDAEGAR,0.0,0.0,0.0,0.0,0.0
QLNTQLEDALQQAK,0.0,0.0,0.0,0.0,0.0
QLQVLLLSR,0.0,0.0,0.0,0.0,0.0
QLSPLQKSFDQWEEKLSNLQQSLSDAEQR,0.0,0.0,0.0,0.0,0.0
QMQTGEFLSK,0.0,0.0,0.0,14009000.0,0.0
QNPTASLAETEGR,0.0,0.0,0.0,0.0,0.0
QNQLPQMFREKEVVELLQQVDTSEK,0.0,0.0,0.0,0.0,0.0
QPGKAAYTK,0.0,0.0,0.0,0.0,0.0
QPSGLLQNLDTTSR,0.0,0.0,0.0,0.0,0.0
QPVDADYDFK,0.0,0.0,0.0,0.0,0.0
QQLALQGLQAVGGLATGR,0.0,0.0,0.0,0.0,0.0
QSEYQLAEQNRK,0.0,0.0,0.0,0.0,0.0
QSGYLGEVFEK,0.0,0.0,0.0,0.0,0.0
QSLDNVMQTQLSETNVLLSMDNNR,0.0,0.0,0.0,0.0,0.0
QSLSTNLELELQSQLSMK,0.0,0.0,0.0,0.0,0.0
QSSALELSELNR,0.0,0.0,0.0,0.0,0.0
QSSDNEFVTLK,0.0,0.0,0.0,0.0,0.0
QSSLLFGYR,0.0,0.0,0.0,0.0,0.0
QSTNYVSGELGGK,0.0,0.0,0.0,0.0,0.0
QSVEADRARLGR,0.0,0.0,0.0,0.0,0.0
QSWQTFVYGCNR,0.0,0.0,0.0,0.0,0.0
QSYQELAEQNRK,0.0,0.0,0.0,0.0,0.0
QTLPHGYESNTLNNDLMLLK,0.0,0.0,0.0,0.0,0.0
QTQNDNEEGFFSAR,0.0,0.0,0.0,0.0,0.0
QVASNLQQSLSDAEQR,0.0,0.0,0.0,0.0,0.0
QVELEDALQQAK,0.0,0.0,0.0,0.0,0.0
QVLTANEK,0.0,0.0,0.0,0.0,0.0
QVQTQLEDALQQAK,0.0,0.0,0.0,0.0,0.0
QVTLTQQLEQATVVK,0.0,0.0,0.0,0.0,0.0
RAAAKTTAGNSGVEALLHALLR,0.0,0.0,0.0,0.0,0.0
RADLEDALGAGAAKNEDLAR,0.0,0.0,0.0,0.0,0.0
REEQLKCVPKEFASFLDVKR,0.0,0.0,0.0,0.0,0.0
RGGHAQPNFSSGGFSGGSFSR,0.0,0.0,0.0,0.0,0.0
RLDWYQR,0.0,0.0,0.0,0.0,0.0
RLLGMCGHHLNMPDLLSGWGNTK,0.0,0.0,0.0,0.0,0.0
RLSLTSSNSFR,0.0,0.0,0.0,0.0,0.0
RPDWWWEFDAAPRDLTQLLNNMR,0.0,0.0,0.0,0.0,0.0
RQDEGYDKK,0.0,0.0,0.0,0.0,0.0
RVFQALLFGDAAHAK,0.0,0.0,0.0,0.0,0.0
SAASLDSR,0.0,0.0,0.0,0.0,0.0
SAENYVSGELK,0.0,0.0,0.0,0.0,0.0
SELTERLR,0.0,0.0,0.0,0.0,0.0
SFGHKFNLFSSGGFSGGSFSR,0.0,0.0,0.0,0.0,0.0
SGDVNVKEPTAPGK,0.0,0.0,0.0,0.0,0.0
SGNGSSGGSLNR,0.0,0.0,0.0,0.0,0.0
SGSSGNYSSGSSSYSGNR,0.0,0.0,0.0,0.0,0.0
SKAEAESLYKSKYEQNQLTAGR,0.0,0.0,0.0,0.0,0.0
SLLAVELVK,0.0,0.0,0.0,0.0,0.0
SLVLNVMVSLSLSVAR,0.0,0.0,0.0,0.0,0.0
SNGGFSASSLGNFGNSR,0.0,0.0,0.0,0.0,0.0
SNGGGGSLSGGGYGSGGGSNR,0.0,0.0,0.0,0.0,0.0
SPAELLQQVDTGMR,0.0,0.0,0.0,0.0,0.0
SPMAGYSSLLR,0.0,0.0,0.0,0.0,0.0
SPSTALLHALLR,0.0,0.0,0.0,0.0,0.0
SPSYLGTALKALEEANNNLEDK,0.0,0.0,0.0,0.0,0.0
SQLSTANSLTLLPLR,0.0,0.0,0.0,0.0,0.0
SSASSYPDVLGK,0.0,0.0,0.0,0.0,0.0
SSDSPMPDVLK,0.0,0.0,0.0,0.0,0.0
SSGVDHMCVLK,0.0,0.0,0.0,0.0,0.0
SWWNVNVYAMNAAPGVDLTQLETPPR,0.0,0.0,0.0,0.0,0.0
SYDTAHDGLVVCQAKDQLVDLTVGNNK,0.0,0.0,0.0,0.0,0.0
TAFNYVSPDLK,0.0,0.0,0.0,0.0,0.0
TAMQNLNDR,0.0,0.0,0.0,5387900.0,0.0
TAWAWLAETEGR,0.0,0.0,0.0,0.0,0.0
TDEAWFNEK,0.0,0.0,0.0,0.0,0.0
TGATNYVSGELK,0.0,0.0,0.0,0.0,0.0
TGEEWFLSK,0.0,0.0,0.0,0.0,0.0
TGGAAEAWFNEK,0.0,0.0,0.0,0.0,0.0
TGSPLEEALQQAK,0.0,0.0,0.0,0.0,0.0
TGTALEKAVDGAK,0.0,0.0,0.0,0.0,0.0
TGYPGQLTSNMFCANNGHEGGK,0.0,0.0,0.0,0.0,0.0
THNLELFFESYNNPRLR,0.0,0.0,0.0,0.0,0.0
THNLEPYFESYNPKRVR,0.0,0.0,0.0,0.0,0.0
THYDAELSKLHKSVTDTNVLLSMDNDK,0.0,0.0,0.0,0.0,0.0
TLLDLEQTR,0.0,0.0,0.0,0.0,0.0
TLPKTVELATYR,0.0,0.0,0.0,0.0,0.0
TLTGGMMSWLK,0.0,0.0,0.0,0.0,0.0
TLTVHQEVKTYR,0.0,0.0,0.0,0.0,0.0
TLYSLDASGR,0.0,0.0,0.0,0.0,0.0
TNCMSYNAK,0.0,0.0,0.0,0.0,0.0
TNYEALVRDQTR,0.0,0.0,0.0,0.0,0.0
TPASSWYYYQDLVEDYK,0.0,0.0,0.0,0.0,0.0
TPTNGANVLLSMDNNR,0.0,0.0,0.0,0.0,0.0
TPVTSHGLPTPVTDFLDLK,0.0,0.0,0.0,0.0,0.0
TPYPQGLTSNMFGCAGYLENK,0.0,0.0,0.0,0.0,0.0
TQNSESLDNMQDLVEDYKK,0.0,0.0,0.0,0.0,0.0
TREALVVVLGFEEVTKSAPLMELLHDK,0.0,0.0,0.0,0.0,0.0
TSELLLR,0.0,0.0,0.0,0.0,0.0
TSENTNNLDMQDLVEDYKK,0.0,0.0,0.0,0.0,0.0
TSSSFSWSSR,0.0,0.0,0.0,0.0,0.0
TTGSALTLTAR,0.0,0.0,0.0,0.0,0.0
TVEEMQLEGLKEELALYR,0.0,0.0,0.0,0.0,0.0
TVKSSGNEVALR,0.0,0.0,0.0,0.0,0.0
TVKTELR,0.0,0.0,0.0,0.0,0.0
TVLDLELATYR,0.0,0.0,0.0,0.0,0.0
TVNNQFASFLQTAVR,0.0,0.0,0.0,0.0,0.0
TVSLVSAR,0.0,0.0,0.0,0.0,0.0
TYLELEDEKR,0.0,0.0,0.0,0.0,0.0
VAAGGLVSEGGSDPSPHSVK,0.0,0.0,0.0,0.0,0.0
VAAGGLVSWGSGCGAAGGK,0.0,0.0,0.0,0.0,0.0
VAAGLVSWGSFCWPSVK,0.0,0.0,0.0,0.0,0.0
VAAGLVSWGSGCGAQGK,0.0,0.0,0.0,0.0,0.0
VAAGLVSWGSGGNPK,0.0,0.0,0.0,0.0,0.0
VAAVGLVSADGSGCAQK,0.0,0.0,0.0,0.0,0.0
VAGLDLELATYR,0.0,0.0,0.0,0.0,0.0
VAGTTDNANLLLQLDNAR,0.0,0.0,0.0,0.0,0.0
VAKFEMEQGGLR,0.0,0.0,0.0,0.0,0.0
VALGAAVLSLYASGR,0.0,0.0,0.0,0.0,0.0
VAQGLVSWGSGGCAQK,0.0,0.0,0.0,0.0,0.0
VASETNVLLSMDMPR,0.0,0.0,0.0,0.0,0.0
VCGDYVGVVMK,0.0,0.0,0.0,0.0,0.0
VDGALMGFREFLK,0.0,0.0,0.0,0.0,0.0
VDLENAGPVK,0.0,0.0,0.0,0.0,0.0
VDTSTMNSPPGAR,0.0,0.0,0.0,0.0,0.0
VGAALEEADMPLENK,0.0,0.0,0.0,0.0,0.0
VGCNYGVSGNKK,0.0,0.0,0.0,0.0,0.0
VGCNYVGKDAGK,0.0,0.0,0.0,0.0,0.0
VGCNYVHYKK,0.0,0.0,0.0,0.0,0.0
VHEDVAPFQALGSLNDLQFFR,0.0,0.0,0.0,0.0,0.0
VLDGLVMTTLSSSK,0.0,0.0,0.0,0.0,0.0
VLDLLATER,0.0,0.0,0.0,0.0,0.0
VLFYGTGGFAYQGNR,0.0,0.0,0.0,0.0,0.0
VLGGYTPDDTMK,0.0,0.0,0.0,0.0,0.0
VLLDGNPLTLFGAERDPSK,0.0,0.0,0.0,0.0,0.0
VLLEPYK,0.0,0.0,0.0,810000.0,0.0
VLLTTDLLAR,0.0,0.0,0.0,0.0,0.0
VLQPQGLLVPR,0.0,0.0,0.0,0.0,0.0
VLWYELSQLHQSVTDTNVLLSMDNSR,0.0,0.0,0.0,0.0,0.0
VNDMNVNVEFNAAPVGDLTQLLNNMR,0.0,0.0,0.0,0.0,0.0
VPAHAGEYGAEALER,0.0,0.0,0.0,0.0,0.0
VPEDQVNVVEGNEKPYSASK,0.0,0.0,0.0,0.0,0.0
VPETELWSAMEQLSSYK,0.0,0.0,0.0,0.0,0.0
VPLNYWLAHK,0.0,0.0,0.0,0.0,0.0
VQDNDNEEGFFSAR,0.0,0.0,0.0,0.0,0.0
VQPLEPLFQGYLDGKVTR,0.0,0.0,0.0,0.0,0.0
VQWVKPLEPLFQGYLDKVTR,0.0,0.0,0.0,0.0,0.0
VSLDVNHFADPELTVK,0.0,0.0,0.0,0.0,0.0
VSLTFGSYSPR,0.0,0.0,0.0,0.0,0.0
VSVELFSQLSK,0.0,0.0,0.0,0.0,0.0
VTGTKVPVDVLR,0.0,0.0,0.0,0.0,0.0
VTNESLLLSMDMPR,0.0,0.0,0.0,0.0,0.0
VTNVGPLLVPLDVK,0.0,0.0,0.0,0.0,0.0
VVGPLSQDLHGMLEMDPLR,0.0,0.0,0.0,101400000.0,0.0
VVGSEVKEANLLLQLDNAR,0.0,0.0,0.0,0.0,0.0
VVLGMDVGAETHNAK,0.0,0.0,0.0,0.0,0.0
VWALACYLASWQMPNALSALSDLHAHK,0.0,0.0,0.0,0.0,0.0
VYVKQDKPTPEGDLELLLQK,0.0,0.0,0.0,0.0,0.0
WALPCCQWWAGNNPPLLSGWGNTK,0.0,0.0,0.0,0.0,0.0
WALSLCSTWASAASQAAMLSGWGNTK,0.0,0.0,0.0,0.0,0.0
WALSLPTSMMSNQQLLSGWGNTK,0.0,0.0,0.0,0.0,0.0
WASLPPNEFNTLNDDLMLLK,0.0,0.0,0.0,0.0,0.0
WDQLVDLTVGNNK,0.0,0.0,0.0,0.0,0.0
WELLKKFVNFMELWSSPLFQGYLDKSLR,0.0,0.0,0.0,0.0,0.0
WELLQQMNSGLR,0.0,0.0,0.0,0.0,0.0
WESYGNTR,0.0,0.0,0.0,1070600.0,0.0
WFDLKLAAKELEDLSK,0.0,0.0,0.0,0.0,0.0
WGTLLQEQGTK,0.0,0.0,0.0,0.0,0.0
WHCAPLLCVYYWWWHLWMAGYLENK,0.0,0.0,0.0,0.0,0.0
WHCPGQLTSNENFAGYLEGGK,0.0,0.0,0.0,0.0,0.0
WHHLTFYNELR,0.0,0.0,0.0,0.0,0.0
WKQNSYELELANKEWYEKHGNSHQWPR,0.0,0.0,0.0,0.0,0.0
WLEMQLENLKEELAYLKK,0.0,0.0,0.0,0.0,0.0
WLSDDMWRDLASVEQHLNSHR,0.0,0.0,0.0,0.0,0.0
WPLMKQNSNTLNNDLMLLGLLK,0.0,0.0,0.0,0.0,0.0
WRDMRPNSNTLDNDLMLLK,0.0,0.0,0.0,0.0,0.0
WRMFFHWHLNNDLMLLK,0.0,0.0,0.0,0.0,0.0
WRNMVPNSNTLNNDLMLLK,0.0,0.0,0.0,0.0,0.0
WRNNLTNSSTVGPNDLMLLK,0.0,0.0,0.0,0.0,0.0
WRQYAHNSNTLNNDLMLLK,0.0,0.0,0.0,0.0,0.0
WSCNGAPNVSVSVSTSHTTLDETR,0.0,0.0,0.0,0.0,0.0
WSSDEQSMVWSVSTSHTTLSGDNK,0.0,0.0,0.0,0.0,0.0
WTLLQEQGTGK,0.0,0.0,0.0,0.0,0.0
WVAGQGFQMYNTEANNQFASFLDK,0.0,0.0,0.0,0.0,0.0
WVNLNQGHR,0.0,0.0,0.0,0.0,0.0
WWMSSWKVSVTSSTLSSNVASK,0.0,0.0,0.0,0.0,0.0
WWMSYLKLWTSSTLSSNVASK,0.0,0.0,0.0,0.0,0.0
YCHVPYETKLTQLEHNNSSSGQEVQSGTK,0.0,0.0,0.0,0.0,0.0
YDDYEFGENK,0.0,0.0,0.0,0.0,0.0
YEELQGDVLK,0.0,0.0,0.0,0.0,0.0
YFDVLDWMQTDQTFVYGNCR,0.0,0.0,0.0,0.0,0.0
YGEELQVTVGR,0.0,0.0,0.0,0.0,0.0
YGTPANLAPLTVDCKEQNGQDSDAGYLENK,0.0,0.0,0.0,0.0,0.0
YLDLGEATR,0.0,0.0,0.0,0.0,0.0
YLPVMTWR,0.0,0.0,0.0,0.0,0.0
YNSPYYNTLDDLAGDLKVDLTVGNNK,0.0,0.0,0.0,0.0,0.0
YNSPYYNTLDDLQDKLVDLTVGNNK,0.0,0.0,0.0,0.0,0.0
YNSPYYNTLNDLWDKLVDLTVGNNK,0.0,0.0,0.0,0.0,0.0
YNTLRPDCSRLVDLTVGDNK,0.0,0.0,0.0,0.0,0.0
YNTMPDLKSRLVDLTVGNNKTLLDLDENK,0.0,0.0,0.0,0.0,0.0
YPGPGSDQVTMQLVNELVDLTVGNNK,0.0,0.0,0.0,0.0,0.0
YPQEQLSNLEAKSAGNVR,0.0,0.0,0.0,0.0,0.0
YPQEQLSNLEAQLTDVR,0.0,0.0,0.0,0.0,0.0
YSLENTLTEESAR,0.0,0.0,0.0,0.0,0.0
YSLTYLYTGTVK,0.0,0.0,0.0,0.0,0.0
YSPYYNTLDDLK,0.0,0.0,0.0,0.0,0.0
YTATLDDLPADKLVDLTVGPMK,0.0,0.0,0.0,0.0,0.0
YTQTFTLHANR,0.0,0.0,0.0,0.0,0.0
AAGPYDLTQFPVPPR,0.0,0.0,0.0,0.0,0.0
ADVNDNEEGFFSAR,0.0,0.0,0.0,0.0,0.0
ALELELQAQHNLR,0.0,0.0,0.0,0.0,0.0
ALSAKPSYTVALEEADNDLENK,0.0,0.0,0.0,0.0,0.0
ALSYLDKNLANKEADNDLENK,0.0,0.0,0.0,0.0,0.0
APGVDADLVANR,0.0,0.0,0.0,0.0,0.0
APLLSDSSGCGK,0.0,0.0,0.0,0.0,0.0
APNLTNSPCCDNFCAGYLEGGK,0.0,0.0,0.0,0.0,0.0
APVLDNLTMEK,0.0,0.0,0.0,0.0,0.0
ASGLLQPNVLELDPELAGK,0.0,0.0,0.0,0.0,0.0
AVALDLELATYR,0.0,0.0,0.0,0.0,0.0
AYNGLGSSGGFSGGSFSR,0.0,0.0,0.0,0.0,0.0
CAGTSYPAK,0.0,0.0,0.0,0.0,0.0
CPALAPLELSLLGLLK,0.0,0.0,0.0,0.0,0.0
CPGLEGVDGGQEYSLLLSLK,0.0,0.0,0.0,0.0,0.0
CPGLQSGQNQEYSLLLSLK,0.0,0.0,0.0,0.0,0.0
DAVGGGDGEGEGFFSAR,0.0,0.0,0.0,0.0,0.0
DDAPATMNGTAEYQLLDLK,0.0,0.0,0.0,0.0,0.0
DGAEEWFFTK,0.0,0.0,0.0,0.0,0.0
DHMGYLTSNMMQPCAGYLEGGK,0.0,0.0,0.0,0.0,0.0
DPDNPSEVDVLMHMDLR,0.0,0.0,0.0,0.0,0.0
DPEATQFVTLK,0.0,0.0,0.0,0.0,0.0
DPEQYCPTEYQQLLDLK,0.0,0.0,0.0,0.0,0.0
DPGALSETNVLLSMDMPR,0.0,0.0,0.0,0.0,0.0
DPHELVLAKEHQSVTDTNVLLSMDNSR,0.0,0.0,0.0,0.0,0.0
DPLDQKSMESLTEELAYLK,0.0,0.0,0.0,0.0,0.0
DPLRPELAYLR,0.0,0.0,0.0,0.0,0.0
DVSGVKVLEEELR,0.0,0.0,0.0,0.0,0.0
DWNYTFSASSLGGGFNSGR,0.0,0.0,0.0,0.0,0.0
DYQELMTGVK,0.0,0.0,0.0,0.0,0.0
EADLRKADLEDALQQAKEDALR,0.0,0.0,0.0,0.0,0.0
EAGNRSYDKKGPAALQK,0.0,0.0,0.0,0.0,0.0
EAGPEADLDVAR,0.0,0.0,0.0,0.0,0.0
EAGRPLDVANGEVVNHNYLFSK,0.0,0.0,0.0,0.0,0.0
EAMLRQNMQDMVEDYR,0.0,0.0,0.0,0.0,0.0
EAVHNVFTSNTLNNDLMLLK,0.0,0.0,0.0,0.0,0.0
EAVQDTWLAEVLGGQLK,0.0,0.0,0.0,0.0,0.0
EDVGVTLVFPLTPR,0.0,0.0,0.0,0.0,0.0
EDVGVTLVNLLQSR,0.0,0.0,0.0,0.0,0.0
EDVPMLVNSNTLNDDLMLLK,0.0,0.0,0.0,0.0,0.0
EEFCGGSNFTGYGGLGGFGGGSFR,0.0,0.0,0.0,0.0,0.0
EELSQMTYTMYVNVELNVAPGK,0.0,0.0,0.0,0.0,0.0
EEPFGYAEPNNNGFSASSLGGGFGGGSR,0.0,0.0,0.0,0.0,0.0
EESYLQMLQEQLGEK,0.0,0.0,0.0,0.0,0.0
EEYEQLLAK,0.0,0.0,0.0,0.0,0.0
EGEAWFDLGK,0.0,0.0,0.0,0.0,0.0
EGSAENEFVTLK,0.0,0.0,0.0,0.0,0.0
EGSASYVPDLK,0.0,0.0,0.0,0.0,0.0
EGVNQGEEGFFASR,0.0,0.0,0.0,0.0,0.0
EKPFYGNLGTGMGNFGGGFAGGDGLLVTGDK,0.0,0.0,0.0,0.0,0.0
ELEEEKELLEGGQEDFESSGAGK,0.0,0.0,0.0,0.0,0.0
ELGELLK,0.0,0.0,0.0,0.0,0.0
ELKWFELELVEDLSK,0.0,0.0,0.0,0.0,0.0
ELPDNLNTPEGKDQFLSASK,0.0,0.0,0.0,0.0,0.0
ELTTELDNNLEKLSSYKSKHLEAYR,0.0,0.0,0.0,0.0,0.0
ELTTELDNVKEKLPTMYEVPLEAYR,0.0,0.0,0.0,0.0,0.0
EPLELLK,0.0,0.0,0.0,0.0,0.0
EQRALTNHRRNPMDDVLSALSDLHAHK,0.0,0.0,0.0,0.0,0.0
ESLDLNGNMKDMVEDYR,0.0,0.0,0.0,0.0,0.0
ETLNLLNTFHAGYSVK,0.0,0.0,0.0,0.0,0.0
ETTLELDNNLEQLSSYK,0.0,0.0,0.0,0.0,0.0
EVATVYVDVLK,0.0,0.0,0.0,0.0,0.0
EVKGVELLK,0.0,0.0,0.0,0.0,0.0
EVVALETVHVSVLALDVELATYR,0.0,0.0,0.0,0.0,0.0
EWLLKKFVNFMELTMQPLFQGYLDKSLR,0.0,0.0,0.0,0.0,0.0
EWLMKKEVNGHTNKTLEPLFQGYLDSKLR,0.0,0.0,0.0,0.0,0.0
EYGNLKLEAGK,0.0,0.0,0.0,0.0,0.0
FAAPNQFASFLDK,0.0,0.0,0.0,0.0,0.0
FESFLNNLR,0.0,0.0,0.0,0.0,0.0
FHQGEFLNFLR,0.0,0.0,0.0,0.0,0.0
FLAVLDDK,0.0,0.0,0.0,0.0,0.0
FPQEGALSNLEAQLTDVR,0.0,0.0,0.0,0.0,0.0
FSSSGGGGNGR,0.0,0.0,0.0,0.0,0.0
FSVKELGNLELQSQLSKK,0.0,0.0,0.0,0.0,0.0
FVDSTVVASVTLLDR,0.0,0.0,0.0,0.0,0.0
GCMHMQLAQLQPDLGSVEEQLNVVR,0.0,0.0,0.0,0.0,0.0
GDGNLMLYGVAHLNNDLMLLK,0.0,0.0,0.0,0.0,0.0
GHSALNGFLFESFLNNLR,0.0,0.0,0.0,0.0,0.0
GLLTATVDNARALLQLDNAR,0.0,0.0,0.0,0.0,0.0
GMSSFDYDSR,0.0,0.0,0.0,0.0,0.0
GPSAENEFVTLK,0.0,0.0,0.0,0.0,0.0
GPVDLAASAALLNNMR,0.0,0.0,0.0,0.0,0.0
GSAHNLEPYFESFLNNLR,0.0,0.0,0.0,0.0,0.0
GTYPGKLTSNMFLFMHACTWMAGYLENK,0.0,0.0,0.0,0.0,0.0
GYGGLGGFAYGNR,0.0,0.0,0.0,0.0,0.0
HDGVDLLNQELEFLK,0.0,0.0,0.0,0.0,0.0
HEGVRSVLTTVSHYPMR,0.0,0.0,0.0,0.0,0.0
HEVHPKYETQLTPWSHEVSSSGQEVQSTGK,0.0,0.0,0.0,0.0,0.0
HGPMPNSHEVKKEELAYLKK,0.0,0.0,0.0,0.0,0.0
HGPWRSHSELKEELAYLKK,0.0,0.0,0.0,0.0,0.0
HLLEELANR,0.0,0.0,0.0,0.0,0.0
HMLLVLTR,0.0,0.0,0.0,0.0,0.0
HPNYTKHGGFSGGSFSR,0.0,0.0,0.0,0.0,0.0
HSPRWHSEVAKEELAYKLR,0.0,0.0,0.0,0.0,0.0
HTNLEPYFESFLNRLR,0.0,0.0,0.0,2941600.0,0.0
HTRNLEPYFESFLVAGNR,0.0,0.0,0.0,0.0,0.0
HVLSEAENSNSNTLNNDLLPVK,0.0,0.0,0.0,0.0,0.0
KADLNSVCGPMHNWKSRGGEHYGSNTYK,0.0,0.0,0.0,0.0,0.0
KCSGGGSSFNGSGFSGNFNGGFGNR,0.0,0.0,0.0,0.0,0.0
KDVTVDLVFYK,0.0,0.0,0.0,0.0,0.0
KENGFSSGFGSSNAYR,0.0,0.0,0.0,0.0,0.0
KEVNLGSGK,0.0,0.0,0.0,0.0,0.0
KFDLADENFK,0.0,0.0,0.0,0.0,0.0
KGGVAPLLASLAETEGR,0.0,0.0,0.0,0.0,0.0
KGNLNDLEDALGAQAK,0.0,0.0,0.0,0.0,0.0
KLEEELEMGR,0.0,0.0,0.0,0.0,0.0
KLFEMEQNLR,0.0,0.0,0.0,0.0,0.0
KNGYEDELNKR,0.0,0.0,0.0,0.0,0.0
KNQNPPLELELQSQLSK,0.0,0.0,0.0,0.0,0.0
KPGLNDLEDALQQAKEDLAR,0.0,0.0,0.0,0.0,0.0
KPNWVVPKNFVVAEKAGEEEGLEYLVFK,0.0,0.0,0.0,0.0,0.0
KQLDLELATYR,0.0,0.0,0.0,0.0,0.0
KQNWTKNVTQLQWELLQQVDTSEK,0.0,0.0,0.0,0.0,0.0
KSDGEVTEAFHSKYEELQVSLGR,0.0,0.0,0.0,0.0,0.0
KSQLEVLEEELR,0.0,0.0,0.0,0.0,0.0
KTFVLLHDEPDVFK,0.0,0.0,0.0,0.0,0.0
KTGEQQNQVLAGTK,0.0,0.0,0.0,0.0,0.0
KVFWDEAMVVK,0.0,0.0,0.0,0.0,0.0
LADGSHALVQEVLEGYKK,0.0,0.0,0.0,0.0,0.0
LADTLNHVQEVLEGYK,0.0,0.0,0.0,0.0,0.0
LAELELQNTLALK,0.0,0.0,0.0,0.0,0.0
LAGGGLSSVGSNSTLK,0.0,0.0,0.0,0.0,0.0
LALDLELYVTR,0.0,0.0,0.0,0.0,0.0
LALDLPHGRGSR,0.0,0.0,0.0,0.0,0.0
LAYDAELSQMQTHLSDTSVVLSMDNNR,0.0,0.0,0.0,0.0,0.0
LDDLDSLLAEVK,0.0,0.0,0.0,0.0,0.0
LDNNLEQLSSYK,0.0,0.0,0.0,0.0,0.0
LDVLLER,0.0,0.0,0.0,0.0,0.0
LEGAGHPMHSLKFDTLELK,0.0,0.0,0.0,0.0,0.0
LEKEELEELVGTLEGNAEDFESSGAGK,0.0,0.0,0.0,0.0,0.0
LELDLVDLR,0.0,0.0,0.0,0.0,0.0
LEQMLESLTEELAYKLK,0.0,0.0,0.0,0.0,0.0
LETTELDNNLEQLAKRHNLSESGELK,0.0,0.0,0.0,0.0,0.0
LEVWMHTCLEGENLSFESSGAGK,0.0,0.0,0.0,0.0,0.0
LFLLMLNDNLTNSNNPMLGPR,0.0,0.0,0.0,0.0,0.0
LGDLELATYR,0.0,0.0,0.0,0.0,0.0
LHSQVTDTNVLLSMDNSR,0.0,0.0,0.0,0.0,0.0
LKFHHEAAPSGK,0.0,0.0,0.0,0.0,0.0
LLFVPVGYTK,0.0,0.0,0.0,0.0,0.0
LLLDAAKTR,0.0,0.0,0.0,0.0,0.0
LLLPADALK,0.0,0.0,0.0,0.0,0.0
LLLSMAGDGPKALVQPVR,0.0,0.0,0.0,0.0,0.0
LLQDSVDFSLADAINTEFK,0.0,0.0,0.0,0.0,0.0
LLTAEAVNSNLLLQLDNAR,0.0,0.0,0.0,23253000.0,0.0
LNMPWPVANGEVVNWPLMFSK,0.0,0.0,0.0,0.0,0.0
LPADDFR,0.0,0.0,0.0,0.0,0.0
LPALMAMFCEEYAGYLEGGK,0.0,0.0,0.0,0.0,0.0
LPALMFMAECEYAGYLEGGK,0.0,0.0,0.0,0.0,0.0
LPEDNLNVVEGQDQFLSASK,0.0,0.0,0.0,0.0,0.0
LPEDNLQVVDGGVVAAAYSASR,0.0,0.0,0.0,0.0,0.0
LPGNLELPFQGYLDKVTR,0.0,0.0,0.0,0.0,0.0
LPGYEKDVLAR,0.0,0.0,0.0,0.0,0.0
LPSLSLPTALWWDCLLSGWGNTK,0.0,0.0,0.0,0.0,0.0
LPSLSLPTSCGASAGTGACAVLSGWGNTK,0.0,0.0,0.0,0.0,0.0
LPSLSLPTSTCLSGDQQLSGWGNTK,0.0,0.0,0.0,0.0,0.0
LPTRRNLEPLFQGYLDKVTR,0.0,0.0,0.0,0.0,0.0
LPWKNVLEPLFQGYLDKVTR,0.0,0.0,0.0,0.0,0.0
LPYDLDGCRYKKSAYDLDLGK,0.0,0.0,0.0,0.0,0.0
LQGLVSWGSGGPNK,0.0,0.0,0.0,49432000.0,0.0
LQGPDSWMWHQK,0.0,0.0,0.0,0.0,0.0
LQSAGAQLSALEEQLQQLR,0.0,0.0,0.0,0.0,0.0
LSAASVTVLNVLEGKFTVAGHK,0.0,0.0,0.0,0.0,0.0
LSGLSLLCWLPGPCCLLSGWGNTK,0.0,0.0,0.0,0.0,0.0
LSGWGNTK,0.0,0.0,0.0,12597000.0,0.0
LSGYVFSQGDLNANSLLYVLR,0.0,0.0,0.0,0.0,0.0
LSLDVELTAYR,0.0,0.0,0.0,0.0,0.0
LSLVLTK,0.0,0.0,0.0,0.0,0.0
LSNGFSSGGFSFGGSSR,0.0,0.0,0.0,0.0,0.0
LSNWEEDLDALEHFMR,0.0,0.0,0.0,4753200.0,0.0
LSRWLFSHNNQFASFRDKVR,0.0,0.0,0.0,0.0,0.0
LSVGGLGSGNKSLSLSVAR,0.0,0.0,0.0,0.0,0.0
LSVNLGASR,0.0,0.0,0.0,0.0,0.0
LVDQNLFSFYLSR,0.0,0.0,0.0,0.0,0.0
LVKMHGNYHEVSSSGQEVQSSAK,0.0,0.0,0.0,0.0,0.0
LVLNGDPLTLFQEDRPSK,0.0,0.0,0.0,17351000.0,0.0
LVSPDKLDEETCSELAYLKR,0.0,0.0,0.0,0.0,0.0
LYFLVMLTNVQTHLSDTNVLLSMDNNR,0.0,0.0,0.0,0.0,0.0
LYMDEFLFESFLMLPR,0.0,0.0,0.0,0.0,0.0
MEELVEGGCTQLHLLAR,0.0,0.0,0.0,0.0,0.0
MFFDSLLTDEETHVSDTSVVLSMDNNR,0.0,0.0,0.0,0.0,0.0
MFLSLVLMVNTESWSVNFKLSMDNSR,0.0,0.0,0.0,0.0,0.0
MNQDMVEDYR,0.0,0.0,0.0,0.0,0.0
MNSNNYTPQFQLR,0.0,0.0,0.0,0.0,0.0
MSTLEDALNVGGR,0.0,0.0,0.0,0.0,0.0
NASLLQPLNVELDPELQK,0.0,0.0,0.0,0.0,0.0
NDHVVWPSLVQSNLMPCEWVVSAAHTMK,0.0,0.0,0.0,0.0,0.0
NDLEDALQQAKEDLAR,0.0,0.0,0.0,0.0,0.0
NELGPLNLPLLADVTR,0.0,0.0,0.0,0.0,0.0
NGFGNETFNAMFSGGGFGGGGFGNR,0.0,0.0,0.0,0.0,0.0
NGLDLDSLLAEVR,0.0,0.0,0.0,0.0,0.0
NGPTVEVDLFTSK,0.0,0.0,0.0,0.0,0.0
NHSALEPYFESFLNGGLR,0.0,0.0,0.0,25113000.0,0.0
NKSSTKNK,0.0,0.0,0.0,0.0,0.0
NLDLDSLLAEVR,0.0,0.0,0.0,0.0,0.0
NLFYLEK,0.0,0.0,0.0,0.0,0.0
NLGGFGGQYR,0.0,0.0,0.0,0.0,0.0
NLSLSNPMYTCSAGTQCLLSGWGNTK,0.0,0.0,0.0,0.0,0.0
NNSHRAFKDLLSWELLQQVDTTDK,0.0,0.0,0.0,38627000.0,0.0
NPKHALYNSNTLNNDLMLLK,0.0,0.0,0.0,0.0,0.0
NSHSDLQQSLSDAEAGR,0.0,0.0,0.0,137370.0,0.0
NSLEPLFESYLSQLR,0.0,0.0,0.0,0.0,0.0
NSLSGGGYGSGNK,0.0,0.0,0.0,0.0,0.0
NSTLDSGPKCLLK,0.0,0.0,0.0,0.0,0.0
NVDEVTLVHGYLLK,0.0,0.0,0.0,0.0,0.0
NVDEVTLVLNKMPK,0.0,0.0,0.0,0.0,0.0
NVPAPAGVAALLANEEANDDLENK,0.0,0.0,0.0,0.0,0.0
NYSPYQDTTLVTKNSTMVDLTVGNNK,0.0,0.0,0.0,0.0,0.0
NYSPYYNTLDDLQDK,0.0,0.0,0.0,0.0,0.0
NYSPYYNTLNNDKDKLVDLTVGNNK,0.0,0.0,0.0,0.0,0.0
NYSPYYNTNNDLGKDKLVDLTVGNNK,0.0,0.0,0.0,0.0,0.0
NYSPYYNTNNDLKDKLVDLTVGNNK,0.0,0.0,0.0,0.0,0.0
NYSTESYPKCDDLKDKLVDLTVGGGNK,0.0,0.0,0.0,0.0,0.0
PLFQLVQGQGIIQPQQPAQLEVIR,0.0,0.0,0.0,0.0,0.0
PLNVELDPELGAK,0.0,0.0,0.0,0.0,0.0
QAELLELR,0.0,0.0,0.0,0.0,0.0
QAGPVDLTQLLNNMR,0.0,0.0,0.0,0.0,0.0
QAYEPMAQK,0.0,0.0,0.0,0.0,0.0
QCPGYVSWLGGK,0.0,0.0,0.0,0.0,0.0
QDEVTLEELLEGGQEDFESSGAGK,0.0,0.0,0.0,0.0,0.0
QDVEDLESVGK,0.0,0.0,0.0,0.0,0.0
QELEAPTEMMLSEQLLSGWGNTK,0.0,0.0,0.0,0.0,0.0
QENHLQMYPHTLSNLEAQLTDVR,0.0,0.0,0.0,0.0,0.0
QEYEELLAK,0.0,0.0,0.0,0.0,0.0
QGSLEASLAETEGR,0.0,0.0,0.0,0.0,0.0
QKAEQLEDALQQAK,0.0,0.0,0.0,0.0,0.0
QLDSLVDAR,0.0,0.0,0.0,0.0,0.0
QLGANLLAPSTQAK,0.0,0.0,0.0,0.0,0.0
QLGGLHTGESVSFLLLQLDNAR,0.0,0.0,0.0,0.0,0.0
QLGLVMGPGSGCGAAGK,0.0,0.0,0.0,0.0,0.0
QLGLVSWDDEMCK,0.0,0.0,0.0,0.0,0.0
QLNCNLELELEGGQEDFESSGAGK,0.0,0.0,0.0,0.0,0.0
QLSAALEDALQQAK,0.0,0.0,0.0,0.0,0.0
QLYTALEVALR,0.0,0.0,0.0,0.0,0.0
QNCETEQMQEYSLLLSLK,0.0,0.0,0.0,0.0,0.0
QNGLEPLFEQYLNNLR,0.0,0.0,0.0,0.0,0.0
QNGMSELLDMQDLVEDYKK,0.0,0.0,0.0,0.0,0.0
QPDLNNNEDALQQAK,0.0,0.0,0.0,0.0,0.0
QPQEYAELLSLK,0.0,0.0,0.0,0.0,0.0
QQFGYFEVTHDLTK,0.0,0.0,0.0,0.0,0.0
QQTVANLEDALQQAK,0.0,0.0,0.0,0.0,0.0
QSLEASLAETEAR,0.0,0.0,0.0,0.0,0.0
QSVNLLEDALQK,0.0,0.0,0.0,0.0,0.0
QSYEQLAEQNKR,0.0,0.0,0.0,0.0,0.0
QTGANDNEEGFFSAR,0.0,0.0,0.0,0.0,0.0
QVDLEADLQQAK,0.0,0.0,0.0,0.0,0.0
QVLLQLDNAR,0.0,0.0,0.0,0.0,0.0
QVQLDPSLGAR,0.0,0.0,0.0,0.0,0.0
QVQLELDTLNR,0.0,0.0,0.0,0.0,0.0
RCGNYVSWLK,0.0,0.0,0.0,0.0,0.0
RELAELEEALQK,0.0,0.0,0.0,0.0,0.0
RLECQLSNLEAQLTDVR,0.0,0.0,0.0,0.0,0.0
RLLENELAGTYR,0.0,0.0,0.0,0.0,0.0
RTDDYQLQMLQEQLSNLEAQLTDVR,0.0,0.0,0.0,0.0,0.0
RWLPLAGFMMMVCLEMQYETLQEELMALK,0.0,0.0,0.0,0.0,0.0
RWVCPLEEALQQAK,0.0,0.0,0.0,0.0,0.0
SAAAGPNLNVVEGQGDQFLSASK,0.0,0.0,0.0,0.0,0.0
SALGLVSWGSGGPNK,0.0,0.0,0.0,0.0,0.0
SAYDNLNVVEGNEQFLSASK,0.0,0.0,0.0,41331000.0,0.0
SFVNDLFER,0.0,0.0,0.0,0.0,0.0
SHDSNLQQSLSDEAQR,0.0,0.0,0.0,4972300.0,0.0
SKELTTELDNNLEQLPTRKNTETLGHSK,0.0,0.0,0.0,0.0,0.0
SLKCWLRGAMQSLQLSLGVR,0.0,0.0,0.0,0.0,0.0
SLLALDLVK,0.0,0.0,0.0,0.0,0.0
SLNVPAVLVPLDVK,0.0,0.0,0.0,0.0,0.0
SLVGLNTK,0.0,0.0,0.0,0.0,0.0
SNEEYGSNSSGGYGGLGGFGNSFR,0.0,0.0,0.0,0.0,0.0
SNVVVLDVYHK,0.0,0.0,0.0,0.0,0.0
SPGGVNLMVMGLVSWGSNGSASK,0.0,0.0,0.0,52418000.0,0.0
SPGLPALVR,0.0,0.0,0.0,0.0,0.0
SPGNYVSADLK,0.0,0.0,0.0,0.0,0.0
SPPTTELKYACHLETSMK,0.0,0.0,0.0,0.0,0.0
SQTYVSWLEPTMNKSQLELELEDLSK,0.0,0.0,0.0,0.0,0.0
SSGRAWFKDK,0.0,0.0,0.0,3766600.0,0.0
SSHDPGQLTHFFCGAGYLEGGK,0.0,0.0,0.0,0.0,0.0
SYGSAVGLGNFSSSSGR,0.0,0.0,0.0,0.0,0.0
SYVTNGLGGFGSSSSGR,0.0,0.0,0.0,0.0,0.0
TAADQDFVKTLK,0.0,0.0,0.0,433780.0,0.0
TAGQEPFASFLDKVR,0.0,0.0,0.0,0.0,0.0
TALENFDVVLKK,0.0,0.0,0.0,0.0,0.0
TDLEASLAETEGR,0.0,0.0,0.0,0.0,0.0
TDLETLRR,0.0,0.0,0.0,0.0,0.0
TENVLLSMDNNR,0.0,0.0,0.0,0.0,0.0
TGDDSYPDVLK,0.0,0.0,0.0,0.0,0.0
TGGGAENEFVTLK,0.0,0.0,0.0,0.0,0.0
TGHMPQGLTSMPGQAGYLEGGK,0.0,0.0,0.0,0.0,0.0
TGSKVHGNLYFLK,0.0,0.0,0.0,0.0,0.0
TGYGAPLGTGWYYESEDVVNAPFAGYLENK,0.0,0.0,0.0,0.0,0.0
TGYKPGLTSNMFWFFKDTYSCAGYLENK,0.0,0.0,0.0,0.0,0.0
THNLEPYFESFLRGLGNR,0.0,0.0,0.0,0.0,0.0
THNLEPYFKWWVMSR,0.0,0.0,0.0,0.0,0.0
TLGDYLQLTAGR,0.0,0.0,0.0,0.0,0.0
TLGLVELSELNR,0.0,0.0,0.0,20338000.0,0.0
TLGTGTSLELQSPHNGLNR,0.0,0.0,0.0,0.0,0.0
TLLEDAESR,0.0,0.0,0.0,0.0,0.0
TLLEGEETR,0.0,0.0,0.0,0.0,0.0
TLNNDLPYLK,0.0,0.0,0.0,0.0,0.0
TPGSWSHAETEGR,0.0,0.0,0.0,0.0,0.0
TPLDVLSFK,0.0,0.0,0.0,0.0,0.0
TPLLLLVSQK,0.0,0.0,0.0,0.0,0.0
TPQYEELQLTAGR,0.0,0.0,0.0,0.0,0.0
TQLSTENVLLSMDNNR,0.0,0.0,0.0,0.0,0.0
TSAPGPFTDNMQDLVEDYKK,0.0,0.0,0.0,0.0,0.0
TVDLDSVSVYVK,0.0,0.0,0.0,0.0,0.0
TVEQASLAETEGR,0.0,0.0,0.0,0.0,0.0
TVGSQAESLYQSK,0.0,0.0,0.0,0.0,0.0
TVSSCTELAKSYEELQLTAGR,0.0,0.0,0.0,0.0,0.0
TVTVNSLTLLPLR,0.0,0.0,0.0,0.0,0.0
TVVHLAYDSSQNNNDLMLLK,0.0,0.0,0.0,0.0,0.0
VAAELEEALQK,0.0,0.0,0.0,0.0,0.0
VAAGLVSWGAGEPMSHPK,0.0,0.0,0.0,0.0,0.0
VAGALEEANNDLENK,0.0,0.0,0.0,0.0,0.0
VAGDETDTLLELLASR,0.0,0.0,0.0,0.0,0.0
VAWMLSLLPR,0.0,0.0,0.0,0.0,0.0
VCGNYTCALLK,0.0,0.0,0.0,0.0,0.0
VDMYGCSWLK,0.0,0.0,0.0,0.0,0.0
VEWPLDDVEGNEKFLSASK,0.0,0.0,0.0,0.0,0.0
VGDLLADAVK,0.0,0.0,0.0,0.0,0.0
VGSGHLTQPVEGNMAAMLSASK,0.0,0.0,0.0,0.0,0.0
VHFGFPVNSNTLNDDLMLLK,0.0,0.0,0.0,0.0,0.0
VHQFYHNLMKGGQEDFESSGAGK,0.0,0.0,0.0,0.0,0.0
VHVGEDDFVHLR,0.0,0.0,0.0,0.0,0.0
VLCEMQEYTLQEELFALQK,0.0,0.0,0.0,0.0,0.0
VLDLTELTK,0.0,0.0,0.0,0.0,0.0
VLDQNLFSFLYSR,0.0,0.0,0.0,0.0,0.0
VLKWEHNK,0.0,0.0,0.0,2004000.0,0.0
VLYDAELSQLHQSVTDTNVLLMDSNMK,0.0,0.0,0.0,0.0,0.0
VNQALELKQQSQLALK,0.0,0.0,0.0,0.0,0.0
VPAELQERGNLELSELNR,0.0,0.0,0.0,0.0,0.0
VPDYLDKVKALEEAPMDLEGGK,0.0,0.0,0.0,0.0,0.0
VPSLAGAAGYLSASR,0.0,0.0,0.0,0.0,0.0
VPSLSLERCDMLNQQLSGWGNTK,0.0,0.0,0.0,0.0,0.0
VQGGGELNVEMDAAPGVDLSR,0.0,0.0,0.0,0.0,0.0
VQPAALELELQSKLAMAFKSLEYDELTHR,0.0,0.0,0.0,0.0,0.0
VSAGGNGFQANFNR,0.0,0.0,0.0,0.0,0.0
VSTNLFVEGFFSAR,0.0,0.0,0.0,0.0,0.0
VTDEQAMESLKEELLSLK,0.0,0.0,0.0,0.0,0.0
VTEVEEGTLLNPKGTAR,0.0,0.0,0.0,0.0,0.0
VTGGEFTKEQNGPLSNLEAQLTDVR,0.0,0.0,0.0,0.0,0.0
VTGLSLQTWTSAGTQGCLLSGWGNTK,0.0,0.0,0.0,0.0,0.0
VTHLTFGDK,0.0,0.0,0.0,0.0,0.0
VTMQNLGGDR,0.0,0.0,0.0,0.0,0.0
VTVNLGGSGGKSLSLSVAR,0.0,0.0,0.0,0.0,0.0
VTWSASDLSLLDAGASALPR,0.0,0.0,0.0,0.0,0.0
VTYLGGGSK,0.0,0.0,0.0,0.0,0.0
VVLGMDVAASEAHNK,0.0,0.0,0.0,0.0,0.0
VWALYRMASWQMPNALSALSDLHAHKK,0.0,0.0,0.0,0.0,0.0
VYNCEESGLK,0.0,0.0,0.0,0.0,0.0
VYNPAVCCLK,0.0,0.0,0.0,0.0,0.0
WADYVGVVMK,0.0,0.0,0.0,0.0,0.0
WALNHGPESVLTTTTPFLDKER,0.0,0.0,0.0,0.0,0.0
WEEHTSYGPCYRSASSLGNFEER,0.0,0.0,0.0,0.0,0.0
WELLKKMNVNPPGWSLEPLFQGYLDSKLR,0.0,0.0,0.0,0.0,0.0
WELLPLYFHMMPKPKPAPLFQGYLDSKLR,0.0,0.0,0.0,0.0,0.0
WGEPMWNLLEGTNVDFESSGAGK,0.0,0.0,0.0,0.0,0.0
WGLTYTSMTGPVDLQAK,0.0,0.0,0.0,0.0,0.0
WGMQVVEDLKNKYEDELELR,0.0,0.0,0.0,0.0,0.0
WGVNALADAEQR,0.0,0.0,0.0,0.0,0.0
WLHALYNSNTPNNDLMLLK,0.0,0.0,0.0,0.0,0.0
WRDNLVNSNTLDNDLMLLK,0.0,0.0,0.0,0.0,0.0
WRDYYWQMSNDDLMLLK,0.0,0.0,0.0,0.0,0.0
WRRLGEMAAPLAVQTELK,0.0,0.0,0.0,0.0,0.0
WSVPSFASFLDKAAR,0.0,0.0,0.0,8784600.0,0.0
WVGDLPDGR,0.0,0.0,0.0,0.0,0.0
WVQVSHVFR,0.0,0.0,0.0,0.0,0.0
YDTMLLFAEVDSNK,0.0,0.0,0.0,0.0,0.0
YFSMETVDR,0.0,0.0,0.0,0.0,0.0
YFWLLADDLK,0.0,0.0,0.0,0.0,0.0
YGSYGNSGGGFSASSLGGFGGNSR,0.0,0.0,0.0,0.0,0.0
YLGYLELQLR,0.0,0.0,0.0,0.0,0.0
YMFDAELPTEFTHVSDTWVLSMDNNR,0.0,0.0,0.0,0.0,0.0
YNSPYYDTMPDLKDKLVDLTVGNNK,0.0,0.0,0.0,0.0,0.0
YNSPYYNTLVMLQDQLVDLTVGNNK,0.0,0.0,0.0,0.0,0.0
YNSPYYNVDDDLKDKLVDLTVGDNK,0.0,0.0,0.0,0.0,0.0
YNTEVDLKDQLVDLTVGNNK,0.0,0.0,0.0,0.0,0.0
YPELGPSNVVEGNDAAFLSASK,0.0,0.0,0.0,0.0,0.0
YPEQQNQVLQTK,0.0,0.0,0.0,0.0,0.0
YQEEMQYETLKEELPAVQK,0.0,0.0,0.0,0.0,0.0
YSGVQLEVALR,0.0,0.0,0.0,0.0,0.0
YSMDSNVTSNMFCAGYLEGGK,0.0,0.0,0.0,0.0,0.0
AAQQDNEEGFFSAR,0.0,0.0,0.0,0.0,0.0
AEGCTDQQMQEYSLLLSLK,0.0,0.0,0.0,0.0,0.0
APLEADYDCR,0.0,0.0,0.0,142800.0,0.0
APLLDSENK,0.0,0.0,0.0,0.0,0.0
APSTYGGGLFWNR,0.0,0.0,0.0,0.0,0.0
ASNYLADVFEK,0.0,0.0,0.0,0.0,0.0
ATTVLFVFNGGGYVSWLK,0.0,0.0,0.0,0.0,0.0
AVLDLDQSR,0.0,0.0,0.0,0.0,0.0
AVVLKLDHK,0.0,0.0,0.0,0.0,0.0
AYVKGTLKAGGSLAGASLGSK,0.0,0.0,0.0,0.0,0.0
CSTNYVSEGLK,0.0,0.0,0.0,0.0,0.0
DCGTGNAPNVSVSVSTSHTTLDMVR,0.0,0.0,0.0,0.0,0.0
DDAPEDDDTEYAGQLLDLK,0.0,0.0,0.0,0.0,0.0
DLGDDNEAGFFSAR,0.0,0.0,0.0,0.0,0.0
DLTNGTVKDMR,0.0,0.0,0.0,0.0,0.0
DPAEGCYPTEYQQLLDLK,0.0,0.0,0.0,0.0,0.0
DPEDWFFSK,0.0,0.0,0.0,0.0,0.0
DPLEYHNLLEGWAGDFESSGAGK,0.0,0.0,0.0,0.0,0.0
DSLCMMQYETLKENPNALK,0.0,0.0,0.0,0.0,0.0
DTVLNNTAGDDALSFQEFLTAAR,0.0,0.0,0.0,0.0,0.0
DVGLFQLLAK,0.0,0.0,0.0,0.0,0.0
DVSNASVNVEMNAAPRDLTQLLNNMR,0.0,0.0,0.0,0.0,0.0
DYDCHELEGGK,0.0,0.0,0.0,0.0,0.0
EALVLSLVK,0.0,0.0,0.0,0.0,0.0
EAPGLEDALQQAK,0.0,0.0,0.0,0.0,0.0
EARDMEFLYYLLSGWGNTK,0.0,0.0,0.0,0.0,0.0
EELYALR,0.0,0.0,0.0,0.0,0.0
EESYGNSGSSNYGGLGGFGGGSFR,0.0,0.0,0.0,187920000.0,0.0
EEWGYFCWFNFSASSLGGGFGNSR,0.0,0.0,0.0,0.0,0.0
EFTPPVQSAFQK,0.0,0.0,0.0,0.0,0.0
EGEFDPVTLVDVFTK,0.0,0.0,0.0,0.0,0.0
EGGNLLKQVDTSTR,0.0,0.0,0.0,0.0,0.0
EGGTLNDNLMLLK,0.0,0.0,0.0,0.0,0.0
EGSCMYSWLK,0.0,0.0,0.0,0.0,0.0
EGVNDNEEGFFSSAR,0.0,0.0,0.0,0.0,0.0
EGVNNDEEGFFAR,0.0,0.0,0.0,0.0,0.0
ELLQQSSSVGGGK,0.0,0.0,0.0,0.0,0.0
ELVEYHSELSKEELAYLK,0.0,0.0,0.0,0.0,0.0
ELVHPSYNSNTLNNDLMLLK,0.0,0.0,0.0,0.0,0.0
ELYRKLELELENMSK,0.0,0.0,0.0,0.0,0.0
EMEPTGLPPGLQTK,0.0,0.0,0.0,0.0,0.0
EPPYLQPFVFGLFAGK,0.0,0.0,0.0,0.0,0.0
EQQVHQMNQQQLSNLEAQLTDVR,0.0,0.0,0.0,0.0,0.0
ESSNEQLLAK,0.0,0.0,0.0,0.0,0.0
ETMNYVSGELK,0.0,0.0,0.0,0.0,0.0
EVSLSDYK,0.0,0.0,0.0,0.0,0.0
EVVALELATYR,0.0,0.0,0.0,0.0,0.0
EVVEDGMNNMKDLVEDYK,0.0,0.0,0.0,0.0,0.0
EWLLQKMNVGHVSRSKEPLFQGYLDSKLR,0.0,0.0,0.0,0.0,0.0
FASFLDNAVR,0.0,0.0,0.0,27075000.0,0.0
FESFLGGNLR,0.0,0.0,0.0,0.0,0.0
FGDAVPDELNFMK,0.0,0.0,0.0,2376000.0,0.0
FGEFSAR,0.0,0.0,0.0,0.0,0.0
FGGSSLADVFEKK,0.0,0.0,0.0,0.0,0.0
FLLGLDDKLLGR,0.0,0.0,0.0,0.0,0.0
FLLPNVVK,0.0,0.0,0.0,0.0,0.0
FQNALVLR,0.0,0.0,0.0,0.0,0.0
FSSSGGGNNR,0.0,0.0,0.0,0.0,0.0
GDVGGYVSEGLGGK,0.0,0.0,0.0,0.0,0.0
GFDAMSDSLLAPMK,0.0,0.0,0.0,0.0,0.0
GHLLELLTESLR,0.0,0.0,0.0,0.0,0.0
GPAFPMQNANNQFASFLDK,0.0,0.0,0.0,0.0,0.0
GPGSGGGFSASSLGNFGSNR,0.0,0.0,0.0,0.0,0.0
GPLEPLNFQTAADQAR,0.0,0.0,0.0,0.0,0.0
GRPYMDKVKALEEANDDLENK,0.0,0.0,0.0,0.0,0.0
GSGKGNFSSGGFSGFSGSR,0.0,0.0,0.0,1091000.0,0.0
GSLLDLDQSR,0.0,0.0,0.0,0.0,0.0
GVDADLNAVR,0.0,0.0,0.0,0.0,0.0
HFDPALPSPNLDDHWWLHDSDAGYLENK,0.0,0.0,0.0,0.0,0.0
HGPWRHSEVTKEELAYLKGK,0.0,0.0,0.0,0.0,0.0
HGVQELELELQKSAEK,0.0,0.0,0.0,0.0,0.0
HTNLEPYFERSFLNLNR,0.0,0.0,0.0,0.0,0.0
HTTDADLNVAR,0.0,0.0,0.0,0.0,0.0
KENGFSSGGFSNSFSR,0.0,0.0,0.0,0.0,0.0
KEYEAFASAK,0.0,0.0,0.0,0.0,0.0
KFNMLHFLMNTK,0.0,0.0,0.0,0.0,0.0
KGNGPVGYTK,0.0,0.0,0.0,0.0,0.0
KGNSLELSELNR,0.0,0.0,0.0,0.0,0.0
KKTELELATYR,0.0,0.0,0.0,0.0,0.0
KMSSFEEFLMVPAR,0.0,0.0,0.0,0.0,0.0
KNAQNVLFNYSKLALVHQSLEASLAETEGR,0.0,0.0,0.0,0.0,0.0
KNETYHNLLENQEDFESSGAGK,0.0,0.0,0.0,0.0,0.0
KNGQLQQLENDFVVLK,0.0,0.0,0.0,0.0,0.0
KNLQPVNFK,0.0,0.0,0.0,0.0,0.0
KPIIGILMQK,0.0,0.0,0.0,0.0,0.0
KVDDEAFETEGR,0.0,0.0,0.0,0.0,0.0
KVDNAEEALQQAK,0.0,0.0,0.0,0.0,0.0
LADTLNHVGAEVLEGYKK,0.0,0.0,0.0,0.0,0.0
LAEEATDQLEVK,0.0,0.0,0.0,0.0,0.0
LAEEEMTMQHGK,0.0,0.0,0.0,447990.0,0.0
LAGNTQLEEALQGAAKEDALR,0.0,0.0,0.0,0.0,0.0
LAHLLDQVQALEEANNDLENK,0.0,0.0,0.0,0.0,0.0
LALAGALLQNVGDGYK,0.0,0.0,0.0,0.0,0.0
LALAGALLQTEDMLK,0.0,0.0,0.0,0.0,0.0
LALAGALLQTEDPFK,0.0,0.0,0.0,0.0,0.0
LALDLELAHDPK,0.0,0.0,0.0,0.0,0.0
LALTVLLPNDR,0.0,0.0,0.0,0.0,0.0
LDNMDGCLLAELK,0.0,0.0,0.0,0.0,0.0
LEFATKLELELEMNSK,0.0,0.0,0.0,18967000.0,0.0
LELSSTLPR,0.0,0.0,0.0,0.0,0.0
LELTHSEDALQQAKEDLAR,0.0,0.0,0.0,0.0,0.0
LEMNERNLLENQEDFESSGAGK,0.0,0.0,0.0,0.0,0.0
LEMQYETLQEELAMLK,0.0,0.0,0.0,0.0,0.0
LGKFEMEQNLR,0.0,0.0,0.0,0.0,0.0
LGMDYGR,0.0,0.0,0.0,58866.0,0.0
LGVGLEFKEK,0.0,0.0,0.0,0.0,0.0
LLEDVFFESK,0.0,0.0,0.0,1518100.0,0.0
LLGGLTTDNANLLLQLDNAR,0.0,0.0,0.0,0.0,0.0
LLLADLNPQALVQLMR,0.0,0.0,0.0,0.0,0.0
LLTATVDNARALLQLDNAR,0.0,0.0,0.0,0.0,0.0
LLVESDLNSLR,0.0,0.0,0.0,0.0,0.0
LNEDGGLNVVEGQDAGFLSASK,0.0,0.0,0.0,0.0,0.0
LPDENLNVVEGNEQFLSATR,0.0,0.0,0.0,0.0,0.0
LPEDGGLDVVEQGDQFLSASK,0.0,0.0,0.0,0.0,0.0
LPEDNLNVVEVEPCFLEASK,0.0,0.0,0.0,0.0,0.0
LPGGDVELAEYK,0.0,0.0,0.0,0.0,0.0
LPGGGSLGLNLPLLADVTR,0.0,0.0,0.0,0.0,0.0
LPLDVELTSFR,0.0,0.0,0.0,0.0,0.0
LPNLEPLFKGYLDQTVR,0.0,0.0,0.0,0.0,0.0
LPSLSFSFNDDKYTLLSGWGNTK,0.0,0.0,0.0,0.0,0.0
LPSYLDQVKALEEANNDLENK,0.0,0.0,0.0,0.0,0.0
LQDDHPDKK,0.0,0.0,0.0,0.0,0.0
LQGELAHVKK,0.0,0.0,0.0,37763000.0,0.0
LQGLVSWGSYSATPDNQPVGYTK,0.0,0.0,0.0,0.0,0.0
LRLGMESHMSAGTQVDLSGWGNTK,0.0,0.0,0.0,0.0,0.0
LRYDAELQSLHQSVTDTNVLLSMDNSR,0.0,0.0,0.0,0.0,0.0
LSDLDSLLAEGVK,0.0,0.0,0.0,0.0,0.0
LSDTSVVLSMDMPR,0.0,0.0,0.0,0.0,0.0
LSGDMKKFSNWTSSTLSSNVASK,0.0,0.0,0.0,0.0,0.0
LSGPVVWYQGSASAQCGLLSGWGNTK,0.0,0.0,0.0,0.0,0.0
LSGRNELPPYGLFVLNQK,0.0,0.0,0.0,0.0,0.0
LSLGGGSDMMSGGYSGR,0.0,0.0,0.0,0.0,0.0
LSLGNTLFLDQR,0.0,0.0,0.0,0.0,0.0
LSLYVSSR,0.0,0.0,0.0,2077900.0,0.0
LTQEELMALKK,0.0,0.0,0.0,0.0,0.0
LTQLEDALQQAK,0.0,0.0,0.0,0.0,0.0
MAVDFVQDK,0.0,0.0,0.0,1570900.0,0.0
MEELVEGGCTGALHLLAR,0.0,0.0,0.0,0.0,0.0
MFFDAKNSQMQTHVSDTSVVLSMDNNR,0.0,0.0,0.0,0.0,0.0
MGELSELNNMQDLVEDYKK,0.0,0.0,0.0,7050900.0,0.0
MGTSNTWFK,0.0,0.0,0.0,0.0,0.0
MHGLEDALQQAK,0.0,0.0,0.0,0.0,0.0
MKSLLLSYEKNNPWWMWDHGGGGGSFGAGGGFGSR,0.0,0.0,0.0,0.0,0.0
MLGFPSSAGSVSPR,0.0,0.0,0.0,0.0,0.0
MSLYQAMWK,0.0,0.0,0.0,0.0,0.0
MSVEADVAVQR,0.0,0.0,0.0,0.0,0.0
MTLDQGFK,0.0,0.0,0.0,0.0,0.0
NAPLTSNSYEMFGCAGYLEGGK,0.0,0.0,0.0,0.0,0.0
NASLLQPLNVELDPELAGK,0.0,0.0,0.0,0.0,0.0
NATNDVNVEMDAAPGVDLSR,0.0,0.0,0.0,0.0,0.0
NAVGGDVNVEMDAAPRDLSR,0.0,0.0,0.0,0.0,0.0
NCGAAYVSWLK,0.0,0.0,0.0,0.0,0.0
NDLEDALQQAKEDALR,0.0,0.0,0.0,0.0,0.0
NFGGSNGFGGGSGFSGGGFGGGGFGGGR,0.0,0.0,0.0,0.0,0.0
NHEEEPFALR,0.0,0.0,0.0,0.0,0.0
NHLLELLTETVR,0.0,0.0,0.0,0.0,0.0
NHVQELELELKVDNSKK,0.0,0.0,0.0,0.0,0.0
NKGLGDLEDALGAGAAGKEDLAR,0.0,0.0,0.0,0.0,0.0
NKPRYTNYHHVAVSGELK,0.0,0.0,0.0,0.0,0.0
NLEDGGLNVVENGEQFLSASK,0.0,0.0,0.0,0.0,0.0
NLELELQSQLSMK,0.0,0.0,0.0,0.0,0.0
NLNDLDEALQQAK,0.0,0.0,0.0,0.0,0.0
NNHGGFGGGGFGSR,0.0,0.0,0.0,0.0,0.0
NNSLPSLLARHVSLDLDSLLAEVK,0.0,0.0,0.0,0.0,0.0
NPFGGGSSFGGGSGFSGGGFGGGGFNGR,0.0,0.0,0.0,0.0,0.0
NPQFEQWATER,0.0,0.0,0.0,0.0,0.0
NQVALQNRRGLKSALEQSLEASLAETEGR,0.0,0.0,0.0,0.0,0.0
NQVEAQNVEMDAATAPVAER,0.0,0.0,0.0,0.0,0.0
NSTLDNDLMLLK,0.0,0.0,0.0,0.0,0.0
NSTLNNDYPLLK,0.0,0.0,0.0,0.0,0.0
NYSPYYNTLDNLMLLQVDLTVGNNK,0.0,0.0,0.0,0.0,0.0
NYSPYYNTLNDNKDKLVDLTVGNNK,0.0,0.0,0.0,0.0,0.0
PAALELELQK,0.0,0.0,0.0,0.0,0.0
QAFVPLSPVVWEFAVAATSTSLAQ,0.0,0.0,0.0,0.0,0.0
QALLEMR,0.0,0.0,0.0,0.0,0.0
QAYENNAQK,0.0,0.0,0.0,0.0,0.0
QDGTATYAAVFALR,0.0,0.0,0.0,0.0,0.0
QDVNDNEEGFFSAR,0.0,0.0,0.0,0.0,0.0
QELSLPTYESAGTEDMLSGWGNTK,0.0,0.0,0.0,0.0,0.0
QELSLPTYGDQSACNLLSGWGNTK,0.0,0.0,0.0,0.0,0.0
QEPDRWNLLEGGQEDFESSGAGK,0.0,0.0,0.0,0.0,0.0
QFKFDPEQNLR,0.0,0.0,0.0,0.0,0.0
QGGVTLPELQNVK,0.0,0.0,0.0,0.0,0.0
QGLSLELELQAQHNLR,0.0,0.0,0.0,0.0,0.0
QGTGGDVNVEMDAAPRDLSR,0.0,0.0,0.0,0.0,0.0
QGVDADLNVAR,0.0,0.0,0.0,0.0,0.0
QHAVGEYGAEALER,0.0,0.0,0.0,21694.0,0.0
QKAEQNLEDALQQAK,0.0,0.0,0.0,0.0,0.0
QLAQSALLEEQLQQLR,0.0,0.0,0.0,0.0,0.0
QLASALEEQLQQLR,0.0,0.0,0.0,0.0,0.0
QLDSLVADR,0.0,0.0,0.0,0.0,0.0
QLGANLLPASTQAK,0.0,0.0,0.0,0.0,0.0
QLGLDFPSGSNCAQK,0.0,0.0,0.0,0.0,0.0
QLGLDYSVALR,0.0,0.0,0.0,0.0,0.0
QLGLVWDGSGGPGGK,0.0,0.0,0.0,0.0,0.0
QLSALEEQLQQLR,0.0,0.0,0.0,0.0,0.0
QLSNLEAQLTDVR,0.0,0.0,0.0,0.0,0.0
QLTNANLEEALQQAK,0.0,0.0,0.0,0.0,0.0
QNMAMQYETLQEELMALK,0.0,0.0,0.0,6963200.0,0.0
QNQRGTFLDNNLEGALSSYK,0.0,0.0,0.0,0.0,0.0
QNVEGSFSAFLDK,0.0,0.0,0.0,0.0,0.0
QPMPPLVNVEGNMAAMLSASK,0.0,0.0,0.0,0.0,0.0
QPTYEELQLTQR,0.0,0.0,0.0,0.0,0.0
QQALGPSQVDTSTR,0.0,0.0,0.0,0.0,0.0
QSVEADGVVAARR,0.0,0.0,0.0,0.0,0.0
QSVVAGQSYFLK,0.0,0.0,0.0,355930.0,0.0
QTLAVELVK,0.0,0.0,0.0,0.0,0.0
QVEAQLTDVR,0.0,0.0,0.0,0.0,0.0
QVGAKELTLTK,0.0,0.0,0.0,0.0,0.0
QVQLDPVTQR,0.0,0.0,0.0,0.0,0.0
QVVEVDAAPLSDLNR,0.0,0.0,0.0,0.0,0.0
QYNVASSGGFSGGSFSR,0.0,0.0,0.0,0.0,0.0
REMASLQAALADAEQR,0.0,0.0,0.0,0.0,0.0
RLTSLCSLDENSMHLLSGWGNTK,0.0,0.0,0.0,0.0,0.0
RLYDAELDVNHKSVTDTGGVLLSMDNSR,0.0,0.0,0.0,0.0,0.0
RSRNYSMKFMTLDDLKDQLVDLTVGPMK,0.0,0.0,0.0,0.0,0.0
RTAESELELQCSAALTK,0.0,0.0,0.0,0.0,0.0
RWYEFDEKGGELLNHRHGRCHQSGQK,0.0,0.0,0.0,0.0,0.0
SDLENTLTESEAR,0.0,0.0,0.0,0.0,0.0
SEEYLQTSLQEQLSNLEAQLTDVR,0.0,0.0,0.0,0.0,0.0
SEMWWLEKPTEELAYLKK,0.0,0.0,0.0,0.0,0.0
SEYPGQLTSNMFCGAGYLEGGK,0.0,0.0,0.0,0.0,0.0
SGGGGSSGGSLGGR,0.0,0.0,0.0,0.0,0.0
SGGVMVLFSSGGFSGGSFSR,0.0,0.0,0.0,0.0,0.0
SGPPEPLFEQYLNNLR,0.0,0.0,0.0,0.0,0.0
SLDLDSLLAEVK,0.0,0.0,0.0,0.0,0.0
SLGGNQFASFLGVTVR,0.0,0.0,0.0,0.0,0.0
SLGVPLGGSK,0.0,0.0,0.0,0.0,0.0
SLLGMLDMFHKYTR,0.0,0.0,0.0,0.0,0.0
SLLYVLR,0.0,0.0,0.0,0.0,0.0
SNNSYGGGGSGGGYGGGSGSR,0.0,0.0,0.0,0.0,0.0
SPGGFSSGSAGLLYNER,0.0,0.0,0.0,0.0,0.0
SPGGSGPSVVLSMDNNR,0.0,0.0,0.0,0.0,0.0
SPMVYYSMSAGQSPSPSR,0.0,0.0,0.0,0.0,0.0
SPTLAELEEALQK,0.0,0.0,0.0,0.0,0.0
SSANLLQQVDGPYK,0.0,0.0,0.0,0.0,0.0
TAFYEDKVALR,0.0,0.0,0.0,0.0,0.0
TAPKNDELKTYR,0.0,0.0,0.0,0.0,0.0
TEMQFLNDR,0.0,0.0,0.0,0.0,0.0
TGAVCTCYVSWLK,0.0,0.0,0.0,0.0,0.0
TGSSSYVDPLK,0.0,0.0,0.0,0.0,0.0
TGVGEAWFNEK,0.0,0.0,0.0,0.0,0.0
TGVSYGMLFNEK,0.0,0.0,0.0,0.0,0.0
TGYAPLNTSNMFYMLMTPWVPDGYLENK,0.0,0.0,0.0,0.0,0.0
TGYPALNTSNMFYQWMGDNLLAGYLENK,0.0,0.0,0.0,0.0,0.0
TGYPGQLTSNMVGHGDNWGQLGFAGYLENK,0.0,0.0,0.0,0.0,0.0
TGYPQGLTSNMCLAGYLEGGK,0.0,0.0,0.0,0.0,0.0
THNLEPTAHSGSFLNNLR,0.0,0.0,0.0,0.0,0.0
THNLEPYFESKALAMSR,0.0,0.0,0.0,0.0,0.0
THNLERDHQSFLDRNLR,0.0,0.0,0.0,0.0,0.0
TLAELTGEKFK,0.0,0.0,0.0,0.0,0.0
TLDATDELNFLR,0.0,0.0,0.0,0.0,0.0
TLEWTSSNVMEER,0.0,0.0,0.0,0.0,0.0
TLQDASNLLLQLDNAR,0.0,0.0,0.0,0.0,0.0
TLYELEDEKR,0.0,0.0,0.0,0.0,0.0
TNAEGYQYTLK,0.0,0.0,0.0,0.0,0.0
TPEVETEALEQFDK,0.0,0.0,0.0,0.0,0.0
TQLSETNVLLSMDMPR,0.0,0.0,0.0,0.0,0.0
TQPADVLHDLVHK,0.0,0.0,0.0,0.0,0.0
TRLSLDTDCLLNDDLLSGWGNTK,0.0,0.0,0.0,0.0,0.0
TVASHENPEHVESFQEFLTAAK,0.0,0.0,0.0,0.0,0.0
TVGLNCSHNLLEGGQEDFESSGAGK,0.0,0.0,0.0,0.0,0.0
TVGLSLPTSYYHLHSLSGWGNTK,0.0,0.0,0.0,0.0,0.0
TVLSPTLLK,0.0,0.0,0.0,0.0,0.0
TVQYNDPETNGLLSLFGAAMNK,0.0,0.0,0.0,0.0,0.0
TVSPRHEQLNR,0.0,0.0,0.0,0.0,0.0
TVVDLGSGK,0.0,0.0,0.0,0.0,0.0
TVVHLAYNSNTENNDLMLLK,0.0,0.0,0.0,0.0,0.0
TYQAADELNKR,0.0,0.0,0.0,0.0,0.0
VASLSLGCMKENHEPLNSGWGNTK,0.0,0.0,0.0,0.0,0.0
VDASRLQAALTDAEQR,0.0,0.0,0.0,0.0,0.0
VDLLDKELYEPK,0.0,0.0,0.0,0.0,0.0
VEAREDALNGQAKEMPAR,0.0,0.0,0.0,0.0,0.0
VGCNYVMLSPK,0.0,0.0,0.0,0.0,0.0
VGCNYVSALMK,0.0,0.0,0.0,0.0,0.0
VGELSADLGR,0.0,0.0,0.0,0.0,0.0
VLDELSVVR,0.0,0.0,0.0,0.0,0.0
VLHEDPLSQLHQSVTDTNVLLSMDNDK,0.0,0.0,0.0,0.0,0.0
VLLDGNPLTLQEFR,0.0,0.0,0.0,0.0,0.0
VLYWELSQLHQSVTDTNVLLSMDNSR,0.0,0.0,0.0,0.0,0.0
VNLKSNSLSLSVAR,0.0,0.0,0.0,0.0,0.0
VNTLPNLERGPLFQGYLDKVTR,0.0,0.0,0.0,0.0,0.0
VPNGDDSNQAQQMTHVSDTSVVLSMDMPR,0.0,0.0,0.0,0.0,0.0
VQDWLNVVEGAPCQFLSASK,0.0,0.0,0.0,0.0,0.0
VSLNVDHFAPDELTVK,0.0,0.0,0.0,0.0,0.0
VTGPLCVDNMERLSFQEFLTAAR,0.0,0.0,0.0,0.0,0.0
VTTLLLPR,0.0,0.0,0.0,0.0,0.0
VVARRFHHK,0.0,0.0,0.0,0.0,0.0
WAVHLAYNSNTLNDDLMLLK,0.0,0.0,0.0,0.0,0.0
WEEMKYETLEEELMALKK,0.0,0.0,0.0,0.0,0.0
WELLKKFVNFMEWERVLFQGYLDKSLR,0.0,0.0,0.0,0.0,0.0
WELLKKMYENTEWLRVLFQGYLDKSLR,0.0,0.0,0.0,0.0,0.0
WELSQLHQSVTDTNVLLSMDNSR,0.0,0.0,0.0,0.0,0.0
WETMFNYETLKEELPNRR,0.0,0.0,0.0,0.0,0.0
WFVDQVFWK,0.0,0.0,0.0,0.0,0.0
WGDKVLFAYLDKVR,0.0,0.0,0.0,0.0,0.0
WGFPNFHGFFSAR,0.0,0.0,0.0,0.0,0.0
WHCAPLLTTPSMYLWMLGDEEAGYLENK,0.0,0.0,0.0,0.0,0.0
WLHLAYDSDTLNNDLMLLK,0.0,0.0,0.0,0.0,0.0
WRNMRPNSNTLNNDLMLLK,0.0,0.0,0.0,0.0,0.0
WRNWLNDLEDALQQAK,0.0,0.0,0.0,0.0,0.0
WRPEDLTSNTLNNDLMLLK,0.0,0.0,0.0,0.0,0.0
WRWYYVQGDAVSFLSASK,0.0,0.0,0.0,0.0,0.0
WRYQNKSHNKEELAYLKK,0.0,0.0,0.0,0.0,0.0
WSGGGGSNFWFFSGGGFGGGSSGGSR,0.0,0.0,0.0,0.0,0.0
WSMGCAPNVSVSVSTSHTTLSNSGR,0.0,0.0,0.0,0.0,0.0
YGFNEELSELLSDPSDTSR,0.0,0.0,0.0,0.0,0.0
YGSYGNSGGGFSASSLGGGFSGNR,0.0,0.0,0.0,0.0,0.0
YGTAVNDEPTNGLLSLFQAMNK,0.0,0.0,0.0,0.0,0.0
YGTAVNDQPTGDLLSLFQAMNK,0.0,0.0,0.0,0.0,0.0
YGTQPGLTSNMFCGAGYLEGGK,0.0,0.0,0.0,0.0,0.0
YNSPYYDVNDDLGKDKLVDLTVGNNK,0.0,0.0,0.0,0.0,0.0
YPEKQLEVLLWTWELLQQVDTSEK,0.0,0.0,0.0,0.0,0.0
YRQELLELEQSQLSK,0.0,0.0,0.0,0.0,0.0
YYLAASYVK,0.0,0.0,0.0,0.0,0.0
AGQYEELQAR,0.0,0.0,0.0,0.0,0.0
APDEDQNHAK,0.0,0.0,0.0,67497.0,0.0
APLDEAMYDK,0.0,0.0,0.0,0.0,0.0
APLLGDADPHAETEELAYLKGK,0.0,0.0,0.0,0.0,0.0
APLLSDENK,0.0,0.0,0.0,8138200.0,0.0
APLLSDSSCGK,0.0,0.0,0.0,165580.0,0.0
APNLACQFASFFCAGYLEGGK,0.0,0.0,0.0,0.0,0.0
ATLEGMMRVLKK,0.0,0.0,0.0,2394300.0,0.0
AVVVAEFK,0.0,0.0,0.0,0.0,0.0
CLVDSELNNMQDLVEDYKK,0.0,0.0,0.0,0.0,0.0
DGEEGFFSAR,0.0,0.0,0.0,0.0,0.0
DGGTKVHHFTDQLVQHQEWDGK,0.0,0.0,0.0,0.0,0.0
DGTGGGGPVVSFNDSSGGGFGGGGFGGGR,0.0,0.0,0.0,0.0,0.0
DPETWFLSK,0.0,0.0,0.0,0.0,0.0
DPKRHSHEVTQEELAYLKK,0.0,0.0,0.0,0.0,0.0
DPLTELDNNLEGALSSYK,0.0,0.0,0.0,0.0,0.0
DPQLSETNVLLSMDMPR,0.0,0.0,0.0,0.0,0.0
DPRYLLTSAGTYR,0.0,0.0,0.0,0.0,0.0
DPTETWEKTVTEELAYLK,0.0,0.0,0.0,0.0,0.0
DPTVDPDNDVLMHDFPR,0.0,0.0,0.0,0.0,0.0
DPVEQLTWFATEELAYLKK,0.0,0.0,0.0,0.0,0.0
DPVNSGLAVVMTKEAADVHAR,0.0,0.0,0.0,0.0,0.0
DPWWRVQATLFQSPGDEVWGVVGTR,0.0,0.0,0.0,0.0,0.0
EAAQDMMPDYR,0.0,0.0,0.0,0.0,0.0
EAMHNNQFASFLDK,0.0,0.0,0.0,0.0,0.0
EATEGCQNTEYQQLLDLK,0.0,0.0,0.0,0.0,0.0
EAVNDNEEFGFTGR,0.0,0.0,0.0,0.0,0.0
EDLTYLYK,0.0,0.0,0.0,0.0,0.0
EECGGYVSADLK,0.0,0.0,0.0,0.0,0.0
EEEGGNFSFVFGGGSGFSGGGFGGGGFGNR,0.0,0.0,0.0,0.0,0.0
EESGYGSNFTGYGGLGGFGGGSFR,0.0,0.0,0.0,0.0,0.0
EEVHPSYLAMTLNNDLMLLK,0.0,0.0,0.0,0.0,0.0
EEYVAGEADGLLFVLMDR,0.0,0.0,0.0,0.0,0.0
EGASTLPESVLAGK,0.0,0.0,0.0,0.0,0.0
EGGTMEQLLAK,0.0,0.0,0.0,0.0,0.0
EGSQEVSWLK,0.0,0.0,0.0,0.0,0.0
EHVWFHFELHMLNLK,0.0,0.0,0.0,22728000.0,0.0
ELAQNVLELQSQLALGK,0.0,0.0,0.0,0.0,0.0
ELLDFMMRMNNWSNLEAQLTDVR,0.0,0.0,0.0,0.0,0.0
ELPPLQERNGLELSELNR,0.0,0.0,0.0,0.0,0.0
ELREQLSALEEQLQQLR,0.0,0.0,0.0,0.0,0.0
ELTTEWRDLEQLSSYQFVQQGLR,0.0,0.0,0.0,0.0,0.0
EMYNVWDLK,0.0,0.0,0.0,0.0,0.0
ENLLPDTMDSKTEELFSLKK,0.0,0.0,0.0,0.0,0.0
EPEAWFQDK,0.0,0.0,0.0,0.0,0.0
EPEDWFFSK,0.0,0.0,0.0,0.0,0.0
EPLLALFK,0.0,0.0,0.0,0.0,0.0
ESGDSAGTKCCSAGTKCLLSGWGNTK,0.0,0.0,0.0,0.0,0.0
ESHEYQVLLDVK,0.0,0.0,0.0,0.0,0.0
ESMDFFKNSGFSGGGFGGGGFGNR,0.0,0.0,0.0,0.0,0.0
EVVDPEVFFNATTEQK,0.0,0.0,0.0,0.0,0.0
EWLMSSKQAPFKVYTLEPLFQGYLDKSLR,0.0,0.0,0.0,0.0,0.0
EWLQLQVDTSTR,0.0,0.0,0.0,0.0,0.0
FADAYLK,0.0,0.0,0.0,0.0,0.0
FESFLGGGGLR,0.0,0.0,0.0,0.0,0.0
FLGLLDDK,0.0,0.0,0.0,0.0,0.0
FSVDLKLRNELEDLSK,0.0,0.0,0.0,0.0,0.0
GKGLNDLEEALQQAK,0.0,0.0,0.0,0.0,0.0
GLGEDGGLNVVEGNEQFLSASK,0.0,0.0,0.0,0.0,0.0
GMACFSDKDYWDWKNTEYQQLLLDK,0.0,0.0,0.0,0.0,0.0
GPVGLVWSGSGGCAQK,0.0,0.0,0.0,0.0,0.0
GPVTMEDLTQLMVPPR,0.0,0.0,0.0,0.0,0.0
GSPPEPLFEQYLNQVR,0.0,0.0,0.0,0.0,0.0
GTYPALNTSFVYVCWFNTEHSAGYLENK,0.0,0.0,0.0,0.0,0.0
GTYPGKLTSNMFQYRYDHSGNAGYLENK,0.0,0.0,0.0,0.0,0.0
HCCYPGQLTSNTECAGYLEGGK,0.0,0.0,0.0,3025100.0,0.0
HGLLELLTESLR,0.0,0.0,0.0,0.0,0.0
HGPWRHSESLKEELAYLKK,0.0,0.0,0.0,0.0,0.0
HVCECSGSWLK,0.0,0.0,0.0,0.0,0.0
KADSHPMYTLDK,0.0,0.0,0.0,0.0,0.0
KCCYPLLAPNLTTMHNMWQDNAGYLENK,0.0,0.0,0.0,0.0,0.0
KEVAHLLPHNSNTLNNDLMLLK,0.0,0.0,0.0,0.0,0.0
KGLMSKKCDVLELGSHK,0.0,0.0,0.0,0.0,0.0
KGNLEGLEDALQK,0.0,0.0,0.0,0.0,0.0
KGTVSSDQFLSASK,0.0,0.0,0.0,0.0,0.0
KNEDNPNNLLEGGQEDFESSGAGK,0.0,0.0,0.0,0.0,0.0
KNEWVPKSHFEATEELAYLKK,0.0,0.0,0.0,0.0,0.0
KQGSNLQQSLSDAEQR,0.0,0.0,0.0,0.0,0.0
KSEEAEALSHYYEKELQVTVGR,0.0,0.0,0.0,0.0,0.0
KSELTETLDNNLEQLSSYK,0.0,0.0,0.0,0.0,0.0
KSLELSELNR,0.0,0.0,0.0,0.0,0.0
KTQVMMFTNTLNNDLMLLK,0.0,0.0,0.0,0.0,0.0
KVLSALKQSLSDAEQR,0.0,0.0,0.0,0.0,0.0
LAEPQSLLK,0.0,0.0,0.0,0.0,0.0
LAGNLSSVGGSGSTLK,0.0,0.0,0.0,0.0,0.0
LAGSLQLPNVELDPELQK,0.0,0.0,0.0,0.0,0.0
LALDQFR,0.0,0.0,0.0,0.0,0.0
LALDVELAYTKR,0.0,0.0,0.0,3321100.0,0.0
LALDVELSTFR,0.0,0.0,0.0,0.0,0.0
LASLEKLER,0.0,0.0,0.0,0.0,0.0
LASYLNEVKALEEANNDLEKNLQDWYDKK,0.0,0.0,0.0,0.0,0.0
LATVEELK,0.0,0.0,0.0,0.0,0.0
LAVMKRCKNHCCLLSGWGNTK,0.0,0.0,0.0,0.0,0.0
LCGNGSNFGFFESGGGFGGGGFGNR,0.0,0.0,0.0,0.0,0.0
LDSEMQYETLQEELMALK,0.0,0.0,0.0,0.0,0.0
LEEMNRGNLLEGGQEDFESSGAGK,0.0,0.0,0.0,0.0,0.0
LEGVLGALR,0.0,0.0,0.0,0.0,0.0
LELSEFHVVLKR,0.0,0.0,0.0,1900800.0,0.0
LEMENPTLELEGGQEDFESSGAGK,0.0,0.0,0.0,0.0,0.0
LESEMQLEGLKEELALYR,0.0,0.0,0.0,0.0,0.0
LFAVQLVTGSR,0.0,0.0,0.0,16322000.0,0.0
LGGGGFGGQYR,0.0,0.0,0.0,0.0,0.0
LGGGGFGSNFR,0.0,0.0,0.0,2272700.0,0.0
LGLMGGSVLSSSLVHKPAR,0.0,0.0,0.0,7619800.0,0.0
LGNYVAPALVK,0.0,0.0,0.0,0.0,0.0
LHPDAELLCEETHLSDTSVVLSMDNNR,0.0,0.0,0.0,0.0,0.0
LHPDAEYHMRTHLSDTSVVLSMDNNR,0.0,0.0,0.0,0.0,0.0
LKSSAENSYNVATYEELQLTAGR,0.0,0.0,0.0,0.0,0.0
LLEAQLATALAAEPK,0.0,0.0,0.0,0.0,0.0
LLLAPNENLALVQLMR,0.0,0.0,0.0,0.0,0.0
LLPDDNAWAHPR,0.0,0.0,0.0,0.0,0.0
LNDLEAFGSSQAK,0.0,0.0,0.0,0.0,0.0
LNDLEDALQAQK,0.0,0.0,0.0,0.0,0.0
LNMPEDALKQGGKMEPAR,0.0,0.0,0.0,0.0,0.0
LNQEPLFEQYLNNLR,0.0,0.0,0.0,0.0,0.0
LNSVQATLASYWWFTDHFHYGSNTYK,0.0,0.0,0.0,0.0,0.0
LPDYEAQVVMKSLQLSLGVR,0.0,0.0,0.0,0.0,0.0
LPEDNLMVVEGNAVSFLSASGK,0.0,0.0,0.0,0.0,0.0
LPEDNLNVVEEDVTMLSATR,0.0,0.0,0.0,0.0,0.0
LPEDNLPDWEVVYQLSASK,0.0,0.0,0.0,0.0,0.0
LPQQVEFEQYLNNLR,0.0,0.0,0.0,0.0,0.0
LPSLSLPTSSMMNLCNALSGADGNTK,0.0,0.0,0.0,0.0,0.0
LQGLCNAEGFFSAR,0.0,0.0,0.0,0.0,0.0
LQGLVSWGNSQQTAYNYVSWLK,0.0,0.0,0.0,0.0,0.0
LQSNLQQSLMAAEKGVDQQLQDAK,0.0,0.0,0.0,0.0,0.0
LSASPENDLQQATRMPAR,0.0,0.0,0.0,0.0,0.0
LSDLDAELTVLR,0.0,0.0,0.0,0.0,0.0
LSETNVLLSMDMPR,0.0,0.0,0.0,0.0,0.0
LSGWTGNK,0.0,0.0,0.0,0.0,0.0
LSLDLAEVK,0.0,0.0,0.0,0.0,0.0
LSSLSAAGKNGR,0.0,0.0,0.0,0.0,0.0
LSVERADLNAVR,0.0,0.0,0.0,0.0,0.0
LSVNLKNSR,0.0,0.0,0.0,0.0,0.0
LTLEEDASR,0.0,0.0,0.0,1317600.0,0.0
LTLMKGMPGPGLNQELEFLGK,0.0,0.0,0.0,0.0,0.0
LTNNDLTLLK,0.0,0.0,0.0,0.0,0.0
LVEDLSSLTVLEAAELAK,0.0,0.0,0.0,0.0,0.0
LVLNGNPLTLQFER,0.0,0.0,0.0,0.0,0.0
LYADAELSPYMPHLSDTSVVLSMDMPR,0.0,0.0,0.0,0.0,0.0
MCWFTHNLLEGGQEDFESSGQK,0.0,0.0,0.0,0.0,0.0
MFCCDYLENK,0.0,0.0,0.0,0.0,0.0
MFCGAGYLEGGKDSNSTEYYEGGSGK,0.0,0.0,0.0,0.0,0.0
MFKELELECGLALDLELATYR,0.0,0.0,0.0,0.0,0.0
MFSLVLLPSHSK,0.0,0.0,0.0,0.0,0.0
MKSLLLSYEKNQAFDAFHCDTGGGGGSFGAGGGFGSR,0.0,0.0,0.0,0.0,0.0
MTSFLWTLYESFR,0.0,0.0,0.0,0.0,0.0
NDLNVVENGEQLFSASK,0.0,0.0,0.0,0.0,0.0
NEAAYFDCGFTQPLLQLDNAR,0.0,0.0,0.0,0.0,0.0
NEEEWFFTK,0.0,0.0,0.0,0.0,0.0
NELLPLYPQMNLLLQLDNAR,0.0,0.0,0.0,0.0,0.0
NGFSSGGFSGGFSSR,0.0,0.0,0.0,0.0,0.0
NHKEEFKQDGWNSDGVNVELNVAPGK,0.0,0.0,0.0,1409300.0,0.0
NLVEVDTAPTVDLNQVLNETR,0.0,0.0,0.0,0.0,0.0
NNEDKYETQLWREHEVSSSQWVFEPK,0.0,0.0,0.0,0.0,0.0
NNNYGSGGSSYGSGGGSYGSGGGGNGR,0.0,0.0,0.0,66396000.0,0.0
NSGFSSGSAGLLNYER,0.0,0.0,0.0,0.0,0.0
NSGVEALLHALLR,0.0,0.0,0.0,0.0,0.0
NSLSGYNGSGNK,0.0,0.0,0.0,16171000.0,0.0
NSSGGYGGLGGFGGGSFR,0.0,0.0,0.0,0.0,0.0
NSSSGTSYPDVLK,0.0,0.0,0.0,0.0,0.0
NVQALELEHFHGLALK,0.0,0.0,0.0,0.0,0.0
QAPRDLTQLLNNMR,0.0,0.0,0.0,0.0,0.0
QDEGFFASR,0.0,0.0,0.0,0.0,0.0
QDNNKYETQLTQLEPPEVSSSGQEVQMNK,0.0,0.0,0.0,0.0,0.0
QDVNDGGEEGFFSAR,0.0,0.0,0.0,0.0,0.0
QELMLGSVEEQLAQLR,0.0,0.0,0.0,0.0,0.0
QELSTTELDNNLEKLSSYKSELTELR,0.0,0.0,0.0,0.0,0.0
QEPFYGNMKGLGNFGGGFAGGDGLLVEGSK,0.0,0.0,0.0,0.0,0.0
QEYELMNTK,0.0,0.0,0.0,0.0,0.0
QGLGANLLPASTQAK,0.0,0.0,0.0,0.0,0.0
QGLGLVSADGSDNAGAK,0.0,0.0,0.0,0.0,0.0
QGNLLLQLDANR,0.0,0.0,0.0,0.0,0.0
QGTADAANVEMDAAPGVDLSR,0.0,0.0,0.0,0.0,0.0
QGVGGELNVEMDAAPRDLSR,0.0,0.0,0.0,0.0,0.0
QLAQLSALEEQLQQLR,0.0,0.0,0.0,0.0,0.0
QLEQQSVLEAQLTDVR,0.0,0.0,0.0,0.0,0.0
QLGAVQLSVDQHGDNLK,0.0,0.0,0.0,0.0,0.0
QLGGLVSWGSGCGAQK,0.0,0.0,0.0,0.0,0.0
QLGLVSVSGSGHMK,0.0,0.0,0.0,0.0,0.0
QLQNLLSWAAK,0.0,0.0,0.0,0.0,0.0
QMNYVAALMK,0.0,0.0,0.0,0.0,0.0
QNEYMEWRPTHWLKEVSSSGAGEVQSGTK,0.0,0.0,0.0,0.0,0.0
QNLEPLFEQPLLMYR,0.0,0.0,0.0,0.0,0.0
QNWSEQQLLQGVSEDFESSGAGK,0.0,0.0,0.0,0.0,0.0
QPVDADLDGLR,0.0,0.0,0.0,0.0,0.0
QQTVAVAALQQAKEELAR,0.0,0.0,0.0,0.0,0.0
QQYEDLAGAK,0.0,0.0,0.0,0.0,0.0
QSAANDNEEGFFSAR,0.0,0.0,0.0,0.0,0.0
QSHNLVLELELQTNLSK,0.0,0.0,0.0,0.0,0.0
QSVESLLLSMDNNR,0.0,0.0,0.0,0.0,0.0
QSVLNSLNLYQCRFCNHFHYGSNTYK,0.0,0.0,0.0,0.0,0.0
QSVSPELVEFMGWRCWYFAYGSNTYK,0.0,0.0,0.0,0.0,0.0
QSYEQLAEFPPGK,0.0,0.0,0.0,0.0,0.0
QTLDGQYMLKVELQSK,0.0,0.0,0.0,0.0,0.0
QTSYEDALQQAK,0.0,0.0,0.0,0.0,0.0
QVAGLGVSEGSGGSSAGGK,0.0,0.0,0.0,0.0,0.0
QVAGTQLEEALQQAK,0.0,0.0,0.0,0.0,0.0
QVDENGDALQQAK,0.0,0.0,0.0,0.0,0.0
QVDNSLNLKTFPLNDLEDALQQAK,0.0,0.0,0.0,42129000.0,0.0
QVEKGPLNLPLLADSLR,0.0,0.0,0.0,0.0,0.0
QVLENQEDFESSQGK,0.0,0.0,0.0,0.0,0.0
QVLTSAQLEGGK,0.0,0.0,0.0,0.0,0.0
QVQFGYSYGNSMGFSASSLGGGFGGGSR,0.0,0.0,0.0,0.0,0.0
QVSLAMGQK,0.0,0.0,0.0,0.0,0.0
QYLPCPDDTLDK,0.0,0.0,0.0,0.0,0.0
RADLEDALQEALDLENK,0.0,0.0,0.0,0.0,0.0
RAEVELEVNVATSNQGTLQSMCYAPGK,0.0,0.0,0.0,0.0,0.0
RAKETQMQPSGPQAKEDLAR,0.0,0.0,0.0,0.0,0.0
REAEDRYEK,0.0,0.0,0.0,0.0,0.0
RGLDSELR,0.0,0.0,0.0,96441.0,0.0
RLLGMVVDCMNLDDLLSGWGNTK,0.0,0.0,0.0,0.0,0.0
RPAVWLNAGLHSR,0.0,0.0,0.0,0.0,0.0
RYHTFFEASQELLLR,0.0,0.0,0.0,0.0,0.0
RYVEELQPTPEATLELLLQK,0.0,0.0,0.0,0.0,0.0
SAYPGQLTSNMFGCAGYLEGGK,0.0,0.0,0.0,0.0,0.0
SDLEMQYETLQEELFALQK,0.0,0.0,0.0,0.0,0.0
SGGSNYGGGGSNGYGGSSNR,0.0,0.0,0.0,0.0,0.0
SHNALEPYFESFLNNLR,0.0,0.0,0.0,0.0,0.0
SKTATDLQACAFYPLYDLDLGK,0.0,0.0,0.0,0.0,0.0
SLNLPLLK,0.0,0.0,0.0,0.0,0.0
SLSLSLGR,0.0,0.0,0.0,0.0,0.0
SNLLALDVYHK,0.0,0.0,0.0,5173900.0,0.0
SQAETVSLYQSK,0.0,0.0,0.0,0.0,0.0
SSGTSYGPDVLGK,0.0,0.0,0.0,0.0,0.0
SSGTSYPDVGLK,0.0,0.0,0.0,0.0,0.0
SYCTDLNPTK,0.0,0.0,0.0,0.0,0.0
SYDDSSFSGLSR,0.0,0.0,0.0,0.0,0.0
TALENDVFVLKK,0.0,0.0,0.0,0.0,0.0
TAPTTTVGAETEGR,0.0,0.0,0.0,0.0,0.0
TDVTELR,0.0,0.0,0.0,0.0,0.0
TGLKDLTLLDGGTR,0.0,0.0,0.0,0.0,0.0
TGVGNLLEDALQK,0.0,0.0,0.0,0.0,0.0
THGNLEPYFESFLNRAR,0.0,0.0,0.0,0.0,0.0
THNLEPYFELHPDRLNR,0.0,0.0,0.0,0.0,0.0
THNLEPYFESFLDGVRAR,0.0,0.0,0.0,0.0,0.0
TKDLTTELDNNLEQLSSYK,0.0,0.0,0.0,0.0,0.0
TLDDAAVDKLVDLTVGNNK,0.0,0.0,0.0,0.0,0.0
TLDELTADR,0.0,0.0,0.0,0.0,0.0
TLETLQDQLVDLTVGNNK,0.0,0.0,0.0,0.0,0.0
TLGMEKLLAK,0.0,0.0,0.0,0.0,0.0
TLVGSTTELDNNLEQLSSYK,0.0,0.0,0.0,0.0,0.0
TMKGDDFR,0.0,0.0,0.0,0.0,0.0
TPALLPSLSQNRPRPPLPR,0.0,0.0,0.0,0.0,0.0
TPLEASLASGFTTNQSLEASLAETEGR,0.0,0.0,0.0,0.0,0.0
TQELHEVSREVSSSGQEVQSSAK,0.0,0.0,0.0,0.0,0.0
TVGLSLPTYGWGSHSLLSGWGNTK,0.0,0.0,0.0,0.0,0.0
TVNVPGLLVPVEVK,0.0,0.0,0.0,0.0,0.0
TVVHPSYDNSTLNNDLMLLK,0.0,0.0,0.0,0.0,0.0
TVVLVEQLATYR,0.0,0.0,0.0,0.0,0.0
TVVNAYELALR,0.0,0.0,0.0,0.0,0.0
TYLLSSLPQLGAFNYK,0.0,0.0,0.0,0.0,0.0
TYTFASLAETEGR,0.0,0.0,0.0,0.0,0.0
VAAGGLVSWGSGCGAQK,0.0,0.0,0.0,0.0,0.0
VAAGLLGSVEEQLAQLR,0.0,0.0,0.0,0.0,0.0
VAANYDAADLK,0.0,0.0,0.0,0.0,0.0
VASTQCHNDLENK,0.0,0.0,0.0,0.0,0.0
VDAGLELPAEK,0.0,0.0,0.0,0.0,0.0
VDPVEVDALQQADHLMPAR,0.0,0.0,0.0,0.0,0.0
VEANYVSGELK,0.0,0.0,0.0,0.0,0.0
VGALDNLTMEK,0.0,0.0,0.0,0.0,0.0
VGLDLETLTK,0.0,0.0,0.0,0.0,0.0
VGYFALANAGYR,0.0,0.0,0.0,0.0,0.0
VHDDLPAFQALGSLNDLQFFR,0.0,0.0,0.0,0.0,0.0
VHPSYNSNTLNNDLMLLK,0.0,0.0,0.0,0.0,0.0
VHQFDNANLLEGGQEDFESSGAGK,0.0,0.0,0.0,0.0,0.0
VLFGFLDGR,0.0,0.0,0.0,0.0,0.0
VLGAFSDAVAHLDNLK,0.0,0.0,0.0,0.0,0.0
VLHDNFGLVEGLMTTVHALATTQK,0.0,0.0,0.0,0.0,0.0
VLLDGGHSESFATEELAYLKK,0.0,0.0,0.0,0.0,0.0
VLLSTFEKGR,0.0,0.0,0.0,0.0,0.0
VLYDAELSQMQTHVSDTSVVLSMDMPR,0.0,0.0,0.0,0.0,0.0
VMLVNAVYFK,0.0,0.0,0.0,951510.0,0.0
VPSAPGLFDVVPLLQLDQGR,0.0,0.0,0.0,0.0,0.0
VQHAGEEEQLFSR,0.0,0.0,0.0,0.0,0.0
VQQQVWQQWGELLKCEDFESSGAGK,0.0,0.0,0.0,0.0,0.0
VSEVNHVFADPELTVK,0.0,0.0,0.0,0.0,0.0
VSGNYVSWLK,0.0,0.0,0.0,0.0,0.0
VVGPLSGADLHGMLEMPDLR,0.0,0.0,0.0,0.0,0.0
WALSLPTESDMSLADLLSGWGNTK,0.0,0.0,0.0,0.0,0.0
WDDMAPNVSVSVSTSHTTLDMVR,0.0,0.0,0.0,0.0,0.0
WEFFTK,0.0,0.0,0.0,0.0,0.0
WEFGYSYGQRDHSASSLGGGFGGGSR,0.0,0.0,0.0,0.0,0.0
WELLQKMVNGTHKTNLEPLFQGYLDKSLR,0.0,0.0,0.0,623620000.0,0.0
WELLQKTMLQGFWELLQQVDTSEK,0.0,0.0,0.0,0.0,0.0
WFTQLEQNYVSWLK,0.0,0.0,0.0,0.0,0.0
WGVALELLEQNTLALK,0.0,0.0,0.0,0.0,0.0
WHCAPLNPAWKYFWMQEGTQAGYLENK,0.0,0.0,0.0,0.0,0.0
WHLDSKMAHLDQANKMMYETLQEELAVPK,0.0,0.0,0.0,0.0,0.0
WKGWSQHWVYYWGGSLGGGFSSGGFSGGSFDK,0.0,0.0,0.0,0.0,0.0
WLEMQLELSTEELAYLELK,0.0,0.0,0.0,0.0,0.0
WLLELEDALQK,0.0,0.0,0.0,0.0,0.0
WPHFFMPSLTAFEALNNK,0.0,0.0,0.0,0.0,0.0
WRDHRFSNTLNNDLMLLK,0.0,0.0,0.0,0.0,0.0
WRKVMCYNTLNNDLMLLK,0.0,0.0,0.0,0.0,0.0
WRPLQENSNTLNNDLMLLK,0.0,0.0,0.0,0.0,0.0
WRVMKPFELTGGSGCNHLLGGK,0.0,0.0,0.0,0.0,0.0
WSEETMDESVSKFKDFVEDYR,0.0,0.0,0.0,0.0,0.0
WVLNDLEEALQQAKEDLAR,0.0,0.0,0.0,0.0,0.0
YCVHPYETKLRWEYCVSSSGQEVQSGTK,0.0,0.0,0.0,0.0,0.0
YDNKDFASFLDVKR,0.0,0.0,0.0,0.0,0.0
YENYVSTADR,0.0,0.0,0.0,0.0,0.0
YEQEMQYETLKEELAPAR,0.0,0.0,0.0,0.0,0.0
YEQQMEYETLKERCHLK,0.0,0.0,0.0,0.0,0.0
YGPGVDLTQLLNNMR,0.0,0.0,0.0,0.0,0.0
YGSGSGNSYYEGHHGSYGSGSYGVGCK,0.0,0.0,0.0,0.0,0.0
YGTAVNDEPTGNLLSLFQAMNK,0.0,0.0,0.0,0.0,0.0
YLGYLELLQR,0.0,0.0,0.0,0.0,0.0
YLVTLPLLGK,0.0,0.0,0.0,0.0,0.0
YMQNQVTVGR,0.0,0.0,0.0,0.0,0.0
YNSPYGRGYDDDLKDKLVDLTVGGGNK,0.0,0.0,0.0,0.0,0.0
YNSYPYNTNNDLKDKLVDLTVGNGGGK,0.0,0.0,0.0,0.0,0.0
YVSWLGK,0.0,0.0,0.0,0.0,0.0
AAPGVDLTQLYMPPR,0.0,0.0,0.0,0.0,0.0
AEGDLDAAKLGRTEAQLTDVR,0.0,0.0,0.0,0.0,0.0
AERGSEEDLDALEHMFR,0.0,0.0,0.0,0.0,0.0
AGLDSLVGER,0.0,0.0,0.0,0.0,0.0
APAPDDDNEEGFFSAR,0.0,0.0,0.0,0.0,0.0
APSTYNLNFPSK,0.0,0.0,0.0,0.0,0.0
ASSSNYSSTPLK,0.0,0.0,0.0,0.0,0.0
ATPGKNLNYNVEGQDQFLSASK,0.0,0.0,0.0,0.0,0.0
AVALDLEYTALR,0.0,0.0,0.0,0.0,0.0
AVASLLQVDVLR,0.0,0.0,0.0,0.0,0.0
AVVLKDLHK,0.0,0.0,0.0,0.0,0.0
CYTHDGVEDYR,0.0,0.0,0.0,0.0,0.0
DAVNGGDEEFGFSAR,0.0,1755000.0,0.0,0.0,0.0
DDNTGVELGAGR,0.0,0.0,0.0,0.0,0.0
DGGPAAHLTNSNYDPVYK,0.0,0.0,0.0,0.0,0.0
DGHTVLDDSLLAEVK,0.0,0.0,0.0,0.0,0.0
DGYDECQNQEYSLLLSLK,0.0,0.0,0.0,0.0,0.0
DNLLYKALEEANNDLENK,0.0,0.0,0.0,0.0,0.0
DNNEEGFFWK,0.0,0.0,0.0,0.0,0.0
DNNLMLLEYHLNNDLMLLK,0.0,0.0,0.0,0.0,0.0
DPDAWFNEK,0.0,0.0,0.0,0.0,0.0
DPPDDNMVDVFMDHLDLDHNK,0.0,0.0,0.0,51658000.0,0.0
DPVEQLESAFATEELAYLKK,0.0,0.0,0.0,0.0,0.0
DQSVLNAEMMQDLVEDYK,0.0,0.0,0.0,0.0,0.0
DSWVSQYETLQEELMAKLK,0.0,0.0,0.0,0.0,0.0
DVNKSLLQPLNVELDPELQK,0.0,0.0,0.0,0.0,0.0
EAATKTLNDMR,0.0,0.0,0.0,0.0,0.0
EAFYKFASNLEAQLTDVR,0.0,0.0,0.0,0.0,0.0
EAPEADLTHGK,0.0,0.0,0.0,0.0,0.0
EAQMLLQQVDAAFR,0.0,0.0,0.0,0.0,0.0
EAVHPHLNSGGTLNNDLTLLK,0.0,0.0,0.0,0.0,0.0
EAVTGLSPSPNLYLSK,0.0,0.0,0.0,0.0,0.0
EEDAGGLLGNSMDYGSNGNFSASSLGGGFGNDK,0.0,0.0,0.0,0.0,0.0
EEMSQLTGQNSDGVGRELNVAPGK,0.0,0.0,0.0,0.0,0.0
EKDFGYSYGGGSGGGFSASSLGGGFGGGSR,0.0,0.0,0.0,3017900.0,0.0
ELDDLFLKLESLTEELAYKLK,0.0,0.0,0.0,0.0,0.0
ELETYHNLLEGGQEDFESSGAGK,0.0,0.0,0.0,0.0,0.0
ELGAGDCLALAEVLNQLK,0.0,0.0,0.0,0.0,0.0
ELTALAPSTMK,0.0,0.0,0.0,0.0,0.0
ELTLPLMLELQSQLSMK,0.0,0.0,0.0,0.0,0.0
ELTQYYAMLENKEDFESSQGK,0.0,0.0,0.0,0.0,0.0
EMFLNMGPPLRK,0.0,0.0,0.0,0.0,0.0
EQLDHQERMNPDLSNLEAQLTDVR,0.0,0.0,0.0,0.0,0.0
EQVLLEQYCMMSDYNTEYQQLLDLK,0.0,0.0,0.0,0.0,0.0
ETMLTNSNYFEPTK,0.0,0.0,0.0,0.0,0.0
ETTVKTELDNNLEQLSSYK,0.0,0.0,0.0,0.0,0.0
EWLLQQVDVMSK,0.0,0.0,0.0,0.0,0.0
EYELQVEKR,0.0,0.0,0.0,0.0,0.0
EYPAMHLGAGR,0.0,0.0,0.0,0.0,0.0
FASFLQTLR,0.0,0.0,0.0,0.0,0.0
FGLLGAVVPVTTPNR,0.0,0.0,0.0,0.0,0.0
FLAVQLVSWK,0.0,0.0,0.0,0.0,0.0
FPDAFVTFYGTR,0.0,0.0,0.0,1897800.0,0.0
FQFYHLQELLQNCGSDAMAMR,0.0,0.0,0.0,0.0,0.0
GDPRLAEQSLSDAEQR,0.0,0.0,0.0,0.0,0.0
GFHFGYSNYSGNGFSASSLGGGFGGGSR,0.0,0.0,0.0,7518300.0,0.0
GNPSLLQGAVDTSTR,0.0,0.0,0.0,0.0,0.0
GPLPEVLK,0.0,0.0,0.0,0.0,0.0
GPVDLQTAALLNNMR,0.0,0.0,0.0,0.0,0.0
GPVDPVHTQLLNNMR,0.0,0.0,0.0,0.0,0.0
GTSNMCWWGHWMAGYLENK,0.0,0.0,0.0,0.0,0.0
HGLLVPNNTTDQELQHLR,0.0,0.0,0.0,16645000.0,0.0
HLQVVVR,0.0,0.0,0.0,0.0,0.0
HLSDEVMDQMNKLESSDQPMPK,0.0,0.0,0.0,0.0,0.0
HSPPELLEASDVAMVAR,0.0,0.0,0.0,2846600.0,0.0
KATAPGHLADLALEEANNDLEGGK,0.0,0.0,0.0,0.0,0.0
KENNQFSAFLDK,0.0,0.0,0.0,0.0,0.0
KFVEESYDLK,0.0,0.0,0.0,0.0,0.0
KGGDYKLELELQSQLSK,0.0,0.0,0.0,0.0,0.0
KGNLGGDLEEALQQAK,0.0,0.0,0.0,0.0,0.0
KGQLSNLQQSLSDAEQR,0.0,0.0,0.0,0.0,0.0
KNFALGGSLSELNR,0.0,0.0,0.0,0.0,0.0
KNLNDLEEALQGAAK,0.0,0.0,0.0,286150000.0,0.0
KSELTTELDPMLQELSSYKSELTELR,0.0,0.0,0.0,0.0,0.0
KSQYEELQLTAGR,0.0,0.0,0.0,0.0,0.0
LAGALALLQTEDMLK,0.0,0.0,0.0,0.0,0.0
LAGGLVSWSNCGAQK,0.0,0.0,0.0,0.0,0.0
LAKLDVELATYR,0.0,0.0,0.0,0.0,0.0
LALDLELSTFR,0.0,0.0,0.0,0.0,0.0
LALDVELATKYR,0.0,0.0,0.0,0.0,0.0
LEETYHNLMHEMLSFESSGAGK,0.0,0.0,0.0,0.0,0.0
LEKEWGKEHMELLCKEDFESSGAGK,0.0,0.0,0.0,0.0,0.0
LEKSTTELDNNLEQLSSYK,0.0,0.0,0.0,0.0,0.0
LELTDLNR,0.0,0.0,0.0,0.0,0.0
LENEMQLESLTEELAYLKGK,0.0,0.0,0.0,0.0,0.0
LEQQMQYETLQEELMALAHR,0.0,0.0,0.0,0.0,0.0
LETCLLFTLELGATNLSK,0.0,0.0,0.0,0.0,0.0
LFASVSTVLTSK,0.0,0.0,0.0,0.0,0.0
LGAGLVSEYGSGTGSNK,0.0,0.0,0.0,0.0,0.0
LGAGLWPTGSGGCAAGK,0.0,0.0,0.0,0.0,0.0
LGENDLSYGDWNNAFLSASK,0.0,0.0,0.0,0.0,0.0
LGPGYESWGSGCAQK,0.0,0.0,0.0,0.0,0.0
LGPMDNEEGFFSAR,0.0,0.0,0.0,0.0,0.0
LGQGLVSWGSGCGAQK,0.0,0.0,0.0,0.0,0.0
LHADNDLPVLK,0.0,0.0,0.0,0.0,0.0
LHNLEGANEDFESSAGGK,0.0,0.0,0.0,0.0,0.0
LLDLDEALAEVK,0.0,0.0,0.0,0.0,0.0
LLNALVSSLGTLTR,0.0,0.0,0.0,0.0,0.0
LLVTQTMK,0.0,0.0,0.0,0.0,0.0
LMLLEEVK,0.0,0.0,0.0,0.0,0.0
LNDLSDFTQQAK,0.0,0.0,0.0,0.0,0.0
LNVLTVGPR,0.0,0.0,0.0,0.0,0.0
LPALMASSCWDHSAGYLEGGK,0.0,0.0,0.0,0.0,0.0
LPALSDGEHNDSYAGYLEGGK,0.0,0.0,0.0,0.0,0.0
LPSVEEQLLQAR,0.0,0.0,0.0,0.0,0.0
LPWLPGNLEPLFKGYLDKVTR,0.0,0.0,0.0,0.0,0.0
LQDMQELLSHYEEVRESLR,0.0,0.0,0.0,0.0,0.0
LSALEEELQGALR,0.0,0.0,0.0,0.0,0.0
LSLSTSNSFR,0.0,0.0,0.0,0.0,0.0
LSLTPLNLQLDSLPQR,0.0,0.0,0.0,0.0,0.0
LSMGSPQLVAAVVR,0.0,0.0,0.0,0.0,0.0
LSNETVLLSMDNNR,0.0,0.0,0.0,76175000.0,0.0
LSSVVTAGGGGGFGAAGGFNR,0.0,0.0,0.0,0.0,0.0
LTNEAEEPMKAKEELAYLK,0.0,0.0,0.0,0.0,0.0
LTVMDFTSGLFPSEVENK,0.0,0.0,0.0,0.0,0.0
LTYQEFDEKNELMSFESSQGK,0.0,0.0,0.0,0.0,0.0
LVMFVTNYTNCVEGGK,0.0,0.0,0.0,0.0,0.0
LVNENLFSFYLSR,0.0,0.0,0.0,0.0,0.0
LYADAELQSCRTHLSDTSVVLSMDNNR,0.0,0.0,0.0,0.0,0.0
MFFDAELSQRCTHVSDTSVVLSMDNNR,0.0,0.0,0.0,0.0,0.0
MFGCAYGLENK,0.0,0.0,0.0,0.0,0.0
MPSLDNLSPEK,0.0,0.0,0.0,0.0,0.0
MSDHAYGLEGGK,0.0,0.0,0.0,0.0,0.0
MSLFVLLPSHSK,0.0,0.0,0.0,0.0,0.0
NFGGGAGGGDGGLLTANEK,0.0,0.0,0.0,0.0,0.0
NGSSSSYLTR,0.0,0.0,0.0,0.0,0.0
NHLLELLKENSK,0.0,0.0,0.0,0.0,0.0
NLSLSLPTSTSMGNNDLLSGWGNTK,0.0,0.0,0.0,0.0,0.0
NNGSFGAGGGFGSR,0.0,0.0,0.0,3431800.0,0.0
NPFGGGSSFGGGSGFSGGGFGGGGFGGGR,0.0,0.0,0.0,0.0,0.0
NQMDMVEDYR,0.0,0.0,0.0,0.0,0.0
NSEHEYLDMKDLVEDYKK,0.0,0.0,0.0,0.0,0.0
NSGGGGGGLGTTQAR,0.0,0.0,0.0,0.0,0.0
NSGGSYGGGGSGGGYGGGSGSR,0.0,0.0,0.0,0.0,0.0
NSNTLDNDLMLLK,0.0,0.0,0.0,0.0,0.0
QDYLLRELMNTK,0.0,0.0,0.0,0.0,0.0
QELQLNSLEAQLTDVR,0.0,0.0,0.0,0.0,0.0
QFTCYCEGLK,0.0,0.0,0.0,0.0,0.0
QHLELELK,0.0,0.0,0.0,0.0,0.0
QHVAGEYGAEALER,0.0,0.0,0.0,0.0,0.0
QKQLEAALQQAK,0.0,0.0,0.0,0.0,0.0
QLEMLGSVEEQLAQLR,0.0,0.0,0.0,0.0,0.0
QLGLVSWGDDAMR,0.0,0.0,0.0,0.0,0.0
QLGLVSWGSNCQAK,0.0,0.0,0.0,2647800.0,0.0
QLGLVWDGSGGCAQK,0.0,0.0,0.0,0.0,0.0
QLNTQLEEALQQAK,0.0,0.0,0.0,0.0,0.0
QLWTLQAALTDAEQR,0.0,0.0,0.0,0.0,0.0
QMNYVETALQK,0.0,0.0,0.0,0.0,0.0
QNLEPLFEKYKYYR,0.0,0.0,0.0,0.0,0.0
QNLLNLTTNWNLLLQLDNAR,0.0,0.0,0.0,0.0,0.0
QNSTSKNNNMQDLVEDYK,0.0,0.0,0.0,0.0,0.0
QQSSALQQVDTSTR,0.0,0.0,0.0,0.0,0.0
QSLLTPLNLQLDPTVQR,0.0,0.0,0.0,0.0,0.0
QSYSADLNGLR,0.0,0.0,0.0,0.0,0.0
QTFNNDLLVPK,0.0,0.0,0.0,0.0,0.0
QVDNVVENGEQFLSASK,0.0,0.0,0.0,2272000.0,0.0
QVLFLDGK,0.0,0.0,0.0,0.0,0.0
QVPLADQGSSHHLTVK,0.0,0.0,0.0,2786000.0,0.0
QVQLDPALGAR,0.0,0.0,0.0,0.0,0.0
QYLSALEEEYENLLK,0.0,0.0,0.0,0.0,0.0
RADGELNVVEPEDSFLSASK,0.0,0.0,0.0,0.0,0.0
RANGLEPLFEQYLNNLR,0.0,0.0,0.0,0.0,0.0
RCPWLKPNSKNYASFLDKVR,0.0,0.0,0.0,0.0,0.0
RGQALELNRQQSLALK,0.0,0.0,0.0,0.0,0.0
RHPEHGLRGPKR,0.0,0.0,0.0,0.0,0.0
RLTPNMNSYLGPNSNLEAQLTDVR,0.0,0.0,0.0,0.0,0.0
RPVAHFDPLHFVEEAPR,0.0,0.0,0.0,0.0,0.0
SAGLSTNLELELQSQLSMK,0.0,0.0,0.0,0.0,0.0
SGGGGGGGLGSGERK,0.0,0.0,0.0,0.0,0.0
SGGGGNSLSGGGYGSNGSNR,0.0,0.0,0.0,0.0,0.0
SGHNTALNTSNMFFWWVGWGAMAGYLENK,0.0,0.0,0.0,0.0,0.0
SLNNQFASFLTGQVR,0.0,0.0,0.0,0.0,0.0
SLNTAVALTLAGDASFVK,0.0,0.0,0.0,0.0,0.0
SLPEDSNYASYDKLVQALEEANNDLENK,0.0,0.0,0.0,0.0,0.0
SLSSKGSGNLFSSGGFSGGSFSR,0.0,0.0,0.0,27925000.0,0.0
SNNSYGGGGSGGYGGNSGSR,0.0,0.0,0.0,0.0,0.0
SPGLSFVHPSTRLTTVSHYLDR,775720.0,0.0,0.0,0.0,0.0
SPGVSLKECLLQEAADVHAR,0.0,0.0,0.0,0.0,0.0
SSGTSYGPDVLK,0.0,0.0,0.0,0.0,0.0
SYGNSGGGFSASSLGGGFGNSR,0.0,0.0,0.0,51203000.0,0.0
TAFQEALDANEK,0.0,0.0,0.0,0.0,0.0
TEELEVTCGLDLDKVEYAR,0.0,0.0,0.0,0.0,0.0
TFRLMEQNLR,0.0,0.0,0.0,0.0,0.0
TGMGLDDFR,0.0,0.0,0.0,0.0,0.0
TGNLEASLAETEGR,0.0,0.0,0.0,0.0,0.0
TGSSYPDVLK,0.0,0.0,0.0,0.0,0.0
THHPTVDPYYYAAPGVDLTQLLNNMR,0.0,0.0,0.0,0.0,0.0
THNLEFNAFESFLNRAR,0.0,0.0,0.0,0.0,0.0
THVSDTSVVLSMDMPR,0.0,0.0,0.0,0.0,0.0
THVSDTSVVLSMDNNR,0.0,0.0,0.0,0.0,0.0
TLDDLKDQLVDLTVGMPK,0.0,0.0,0.0,0.0,0.0
TLLDLDAHLDPSNPDFR,0.0,0.0,0.0,0.0,0.0
TMKTLMEQNLR,0.0,0.0,0.0,0.0,0.0
TNLEASLAEWEK,0.0,0.0,0.0,0.0,0.0
TNVEDALDVAR,0.0,0.0,0.0,709320.0,0.0
TPAVQSSR,0.0,0.0,0.0,0.0,0.0
TPGKNLSMLLLDANR,0.0,0.0,0.0,0.0,0.0
TPLYLDK,0.0,0.0,0.0,0.0,0.0
TVASGAESLYQSK,0.0,0.0,0.0,0.0,0.0
TVDLDVTSFTVK,0.0,0.0,0.0,0.0,0.0
TVNLEAQLTDVR,0.0,0.0,0.0,0.0,0.0
VATSESLLLPR,0.0,0.0,0.0,0.0,0.0
VDNEEGFFWK,0.0,0.0,0.0,0.0,0.0
VDSLTDEVSLFR,0.0,0.0,0.0,0.0,0.0
VDVQQLEGR,0.0,0.0,0.0,0.0,0.0
VGELSEQVR,0.0,0.0,0.0,0.0,0.0
VGLNYWLAHK,0.0,0.0,0.0,3121500.0,0.0
VLDELTVVR,0.0,0.0,0.0,0.0,0.0
VLDRMLAKK,0.0,0.0,0.0,0.0,0.0
VLYDAELFVFAESVTDTNVLLSDMNMK,0.0,0.0,0.0,0.0,0.0
VNELDEPLQK,0.0,0.0,0.0,0.0,0.0
VNTQLQQSLSDAESNYYKLKDAK,0.0,0.0,0.0,0.0,0.0
VPHKELTASELQSQLSK,0.0,0.0,0.0,0.0,0.0
VPNLTGLATLQLDGTLGPR,0.0,0.0,0.0,0.0,0.0
VPSLSLPTSDCLMCGPLLSGWGNTK,0.0,0.0,0.0,0.0,0.0
VQDVLEALENFEAPGGKNAGGPGEGSGK,0.0,0.0,0.0,0.0,0.0
VSLTFGYSSPR,0.0,0.0,0.0,0.0,0.0
VSTLLAPTLK,0.0,0.0,0.0,0.0,0.0
VTCVAASDLSLLDAQSALPR,0.0,0.0,0.0,0.0,0.0
VTEDLKDQLVDLTVGNNK,0.0,0.0,0.0,0.0,0.0
VTGPLMADTAATGELSFQEFLTAAR,0.0,0.0,0.0,0.0,0.0
VTLEGEGSSGNGR,0.0,0.0,0.0,0.0,0.0
VTLTPLNLQLDPALQR,0.0,0.0,0.0,0.0,0.0
VTVNLGVSK,0.0,0.0,0.0,0.0,0.0
VVENGQEFLSASK,0.0,0.0,0.0,0.0,0.0
WANQEEAPLLEGGQEDFESSGAGK,0.0,0.0,0.0,0.0,0.0
WCSKMPNVWWSTSHTTLDMVR,0.0,0.0,0.0,0.0,0.0
WEDEGFFSK,0.0,0.0,0.0,0.0,0.0
WKARRMRLMFCAGYLEGGK,0.0,0.0,0.0,0.0,0.0
WLDNLNVVEEPDSFLSASK,0.0,0.0,0.0,0.0,0.0
WLHFTVNSNTLDNDLMLLK,0.0,0.0,0.0,0.0,0.0
WLHSPYNSNTLDPDLMLLK,0.0,0.0,0.0,0.0,0.0
WLQGTNELPR,0.0,0.0,0.0,0.0,0.0
WNEGAEYVVESTRFTTMEK,0.0,0.0,0.0,0.0,0.0
WNEVLNVVEGNEQFLSAEK,0.0,0.0,0.0,0.0,0.0
WWMKKFSNSVTSSTLSSNVASK,0.0,0.0,0.0,0.0,0.0
WWMLDKNVLLKPKSPHLWKMLMLDNNLTNSNYSPVYR,0.0,0.0,0.0,0.0,0.0
YAFALDK,0.0,0.0,0.0,0.0,0.0
YDAENTLLHQSVTDTNVLLSMDSNR,0.0,0.0,0.0,0.0,0.0
YEKMLTQGKFHWYYYETLQEELMALKK,0.0,0.0,0.0,0.0,0.0
YGTAPLLGMDMFLYFNEHWMAGYLENK,0.0,0.0,0.0,0.0,0.0
YLTWTGR,0.0,0.0,0.0,0.0,0.0
YNSMEYNTLDDLKDKLVDLTVGDNK,0.0,0.0,0.0,0.0,0.0
YSGNSGGGFSASSLGGGFGGGSR,0.0,0.0,0.0,0.0,0.0
YVTGHLEEVVLALLK,0.0,0.0,0.0,0.0,0.0
AAADVHLELELQSKEAK,0.0,0.0,0.0,0.0,0.0
AELLSGLR,0.0,0.0,0.0,0.0,0.0
APACGLLQQVDTSTR,0.0,0.0,0.0,0.0,0.0
APAPQQSSGGFSGGSFSR,0.0,0.0,0.0,3318800.0,0.0
APLAEDHDDR,0.0,0.0,0.0,0.0,0.0
ASLYLQEEEYENLLK,0.0,0.0,0.0,0.0,0.0
AVFPAAKNK,0.0,0.0,0.0,0.0,0.0
CCKPLVEDFKLEYEDELNKR,0.0,0.0,0.0,0.0,0.0
CPGQVHQMLEQQLSDLEAQLTDVR,0.0,0.0,0.0,0.0,0.0
CSWPGCCLEGGK,0.0,0.0,0.0,0.0,0.0
DAAAADAGDEAGFFSAR,0.0,0.0,0.0,0.0,0.0
DFMVWPADLLLGDSR,0.0,0.0,0.0,0.0,0.0
DPEEGFFSAR,0.0,0.0,0.0,0.0,0.0
DPLSNDVFTLKK,0.0,0.0,0.0,0.0,0.0
DSQQQPQDQMNKLEHAVEDYR,0.0,0.0,0.0,0.0,0.0
DTQSVLLLSMDNNR,0.0,0.0,0.0,0.0,0.0
DYGQELMNTK,0.0,0.0,0.0,0.0,0.0
EALCWEFNLPDLLSGWGNTK,0.0,0.0,0.0,0.0,0.0
EANEFVTLK,0.0,0.0,0.0,0.0,0.0
EAPNQFASFLDK,0.0,0.0,0.0,0.0,0.0
EAVNNDEEGFFSAR,0.0,0.0,0.0,0.0,0.0
EDLVLTLSQTDLEMKLESLNEELAYMKK,0.0,0.0,0.0,0.0,0.0
EDVGVTLVQVLTNR,0.0,0.0,0.0,0.0,0.0
EEWGYCFLYNGFSASSLGGGFGNSR,0.0,0.0,0.0,0.0,0.0
EGDEWFFSKTEELNR,0.0,0.0,0.0,0.0,0.0
EGLNLEALTK,0.0,0.0,0.0,7164100.0,0.0
EGSVRMYVSWLK,0.0,0.0,0.0,0.0,0.0
EGVNDNEEGFFAR,0.0,0.0,0.0,0.0,0.0
EGVNDNEEGFFR,0.0,0.0,0.0,0.0,0.0
EKSLTTELDNNLEQLSSYKSELTELR,0.0,0.0,0.0,0.0,0.0
ELREWLSYLHMSNLEAQLTDVR,0.0,0.0,0.0,0.0,0.0
ELSVMKMHSSTEELAYLK,0.0,0.0,0.0,0.0,0.0
EPHRYAVSVLLR,0.0,0.0,0.0,60414.0,0.0
EPYFESFLNNLR,0.0,0.0,0.0,0.0,0.0
EQLSLQASTESAGTMSCLLSGWGNTK,0.0,0.0,0.0,0.0,0.0
EQVHLAYDSNTLNNDLMLLK,0.0,0.0,0.0,0.0,0.0
ESLGVDTLLSDTSDGFR,0.0,0.0,0.0,3591200.0,0.0
EVSMPNLSPEK,0.0,0.0,0.0,0.0,0.0
FALGAPLYK,0.0,0.0,0.0,0.0,0.0
FAYALTQLR,0.0,0.0,0.0,0.0,0.0
FNKQQNQVLQTGKWELLQQVDTSEK,0.0,0.0,0.0,0.0,0.0
FPEVLANLLADSDFGK,0.0,0.0,0.0,0.0,0.0
FPPNFQVLMLMNK,0.0,0.0,0.0,0.0,0.0
FPSVSLQEELMGHK,0.0,0.0,0.0,0.0,0.0
FPSVSLQEFPGEHK,0.0,0.0,0.0,0.0,0.0
FWQELELELQSQLSK,0.0,0.0,0.0,0.0,0.0
GALSNLQQSLSDAEQR,0.0,0.0,0.0,0.0,0.0
GHTNLEPYFESFLDRAR,0.0,0.0,0.0,0.0,0.0
GPGVDADLNGLR,0.0,0.0,0.0,0.0,0.0
GPSGGSYGGGGSGGGYGNSSGR,0.0,0.0,0.0,0.0,0.0
GPVDAALTQLLNNMR,0.0,0.0,0.0,0.0,0.0
GSSTGSYDPVLK,0.0,0.0,0.0,0.0,0.0
GYFNEELSELLSDPSDDTK,0.0,0.0,0.0,0.0,0.0
HGLLELLRTETVR,0.0,0.0,0.0,4858900.0,0.0
HGLLELLTERTVR,0.0,0.0,0.0,0.0,0.0
HGVAGELELELQSKAEK,0.0,0.0,0.0,0.0,0.0
HTYWELKLSHKSVTDTNVLLSMDNDK,0.0,0.0,0.0,0.0,0.0
KEGGGFSSGGFSGGFSSR,0.0,0.0,0.0,0.0,0.0
KGGVVDPELQNVK,0.0,0.0,0.0,5284000.0,0.0
KGNPVGYTK,0.0,0.0,0.0,0.0,0.0
KNSLELSELNRVLQR,0.0,0.0,0.0,0.0,0.0
KQVADLEDALQK,0.0,0.0,0.0,0.0,0.0
KSAEQNEFVTLK,0.0,0.0,0.0,301660.0,0.0
KSATTAFDDGFKK,0.0,0.0,0.0,354060.0,0.0
KTAEQQNQVLQTK,0.0,0.0,0.0,0.0,0.0
LAGDDLLQQVDTSTR,0.0,0.0,0.0,0.0,0.0
LAGGALSSVGLYEPK,0.0,0.0,0.0,0.0,0.0
LALELELAYTR,0.0,0.0,0.0,0.0,0.0
LANVAPHYNLNSHSVLYVLR,0.0,0.0,0.0,0.0,0.0
LDNLDSLLDEVR,0.0,0.0,0.0,0.0,0.0
LDTGGGFSSGGFSGPHGSR,0.0,0.0,0.0,0.0,0.0
LEARRNSMLLEAQAATGVALDPHR,0.0,0.0,0.0,0.0,0.0
LEGEMQLEFFQHLAYLK,0.0,0.0,0.0,0.0,0.0
LEGEMQLEVQKEELAYKLK,0.0,0.0,0.0,0.0,0.0
LEKRYLELEMVSQLSK,0.0,0.0,0.0,0.0,0.0
LELSEQRVVLQR,0.0,0.0,0.0,0.0,0.0
LENKYESSVEHELQTLQGMGQEVQSGTK,0.0,0.0,0.0,0.0,0.0
LFEQQNQVLKDK,0.0,0.0,0.0,0.0,0.0
LGGDLEEALQQAK,0.0,0.0,0.0,0.0,0.0
LKFEMENQLR,0.0,0.0,0.0,0.0,0.0
LLLQNNVNK,0.0,0.0,0.0,0.0,0.0
LLNVGDLGGNETVTLR,0.0,0.0,0.0,0.0,0.0
LMVPFPVNSDTNNDDLMLLK,0.0,0.0,0.0,0.0,0.0
LPAEVEDALQQAVHEMPAR,0.0,0.0,0.0,0.0,0.0
LPAGLCFHNDQEMAGYLEGGK,0.0,0.0,0.0,0.0,0.0
LPEESNYELEGK,0.0,0.0,0.0,0.0,0.0
LPHPDTLNQGEFK,0.0,0.0,0.0,0.0,0.0
LPLAQTGDCPYGK,0.0,0.0,0.0,0.0,0.0
LPNLWPLSHPLFQGYLDKVTR,0.0,0.0,0.0,21653000.0,0.0
LPTYLDKVQALEEADNDLENK,0.0,0.0,0.0,0.0,0.0
LSASGHLETVLLGLLK,0.0,0.0,0.0,0.0,0.0
LSGGNQFASFLGQATVR,0.0,0.0,0.0,0.0,0.0
LSLSTSGGSFR,0.0,0.0,0.0,0.0,0.0
LSPGTSKLDLLNQELEFLK,0.0,0.0,0.0,0.0,0.0
LSQMAGTQLSETNVLLSMDNNR,0.0,0.0,0.0,0.0,0.0
LSSVSLAGNGGFGAAGGFNR,0.0,0.0,0.0,0.0,0.0
LSVEWLNAALAR,0.0,0.0,0.0,0.0,0.0
LTSLNSFNLPLLR,0.0,0.0,0.0,1321900.0,0.0
LVGQVFLGGSIVR,0.0,0.0,0.0,0.0,0.0
LVLSTFSNLR,0.0,0.0,0.0,0.0,0.0
LWHLAYNSNTLNNDLMLLKLKSAASEGRK,0.0,0.0,0.0,0.0,0.0
LYSMTPYFESFLNNLR,0.0,0.0,0.0,0.0,0.0
MAAKETFREETLLYSLGR,0.0,0.0,0.0,0.0,0.0
MGSCNYVVGVMK,0.0,0.0,0.0,0.0,0.0
MHNQPGVYTK,0.0,0.0,0.0,0.0,0.0
MLVPEDVNSNTLNDDLMLLK,0.0,0.0,0.0,0.0,0.0
MMKTNLTNSNYPDVYK,0.0,0.0,0.0,0.0,0.0
MPLTLLQPLNVELDPELQK,0.0,0.0,0.0,0.0,0.0
MPTTSELNNMQDLVEDYK,0.0,0.0,0.0,0.0,0.0
MSPMWLDRVAR,0.0,0.0,0.0,0.0,0.0
MTNVVSWLGGK,0.0,0.0,0.0,0.0,0.0
MVLNTMVLDNNLEQLSSYK,0.0,0.0,0.0,0.0,0.0
NAPGDNLNSCSEGETAGYLEGGK,0.0,0.0,0.0,0.0,0.0
NELVDLTVGDNK,0.0,0.0,0.0,0.0,0.0
NFSPFSFLVPPR,0.0,0.0,0.0,0.0,0.0
NHLLEGGQEDFESSGAGK,0.0,0.0,0.0,0.0,0.0
NMQDMVDEYR,0.0,0.0,0.0,0.0,0.0
NRGGYGSPSLFRGGLGGFGGGSFR,0.0,0.0,0.0,0.0,0.0
NYSNYVWPCK,0.0,0.0,0.0,0.0,0.0
QDQFLSASK,0.0,0.0,0.0,52833.0,0.0
QELSLPTEGYNEQQLLSGWGNTK,0.0,0.0,0.0,0.0,0.0
QELTEELMALKK,0.0,0.0,0.0,0.0,0.0
QGGHVELELELQGTGLSKGK,0.0,0.0,0.0,0.0,0.0
QLGLVSADGSMSAQK,0.0,0.0,0.0,0.0,0.0
QLLLDVK,0.0,0.0,0.0,0.0,0.0
QLQNLFNR,0.0,0.0,0.0,0.0,0.0
QMSLLLSYEQNQCWRYYPRGGGGGSFGAGGGFGSR,0.0,0.0,0.0,0.0,0.0
QNAGERDNQEYTVLLSLK,0.0,0.0,0.0,0.0,0.0
QNGLLQEQTGK,0.0,0.0,0.0,0.0,0.0
QNVALELELQSKLAVR,0.0,0.0,0.0,0.0,0.0
QRYAVNLLYWMWWTGTSGGGFGGNKCDK,0.0,0.0,0.0,0.0,0.0
QSLLQLPNVELDPELQK,0.0,0.0,0.0,0.0,0.0
QTGDLLQQVDFAAR,0.0,0.0,0.0,0.0,0.0
QVPLANEGNPGGHVTVK,0.0,0.0,0.0,0.0,0.0
QVSLEAQLTDVR,0.0,0.0,0.0,0.0,0.0
QVSQLQQSLSDAEQR,0.0,0.0,0.0,0.0,0.0
RLGTLDNLNVVEGNEQFLSASK,0.0,0.0,0.0,0.0,0.0
RTLEQELATRYR,0.0,0.0,0.0,106080.0,0.0
RVFDLLSPR,0.0,0.0,0.0,1195100.0,0.0
SAANANLNVVENGEKPYSATR,0.0,0.0,0.0,0.0,0.0
SAGTQCLLSGWGNTK,0.0,0.0,0.0,3626000.0,0.0
SDSGVWNFHVWNHANAAGPR,0.0,0.0,0.0,0.0,0.0
SGAASLNSR,0.0,0.0,0.0,0.0,0.0
SGGGGGGGGSSGRAGSGNSSGGSLNR,0.0,0.0,0.0,0.0,0.0
SGNFSGSSAGLLNYQR,0.0,0.0,0.0,0.0,0.0
SGNVEEFASFLDK,0.0,0.0,0.0,0.0,0.0
SLGSLTTELDDNLEQLSSYK,0.0,0.0,0.0,0.0,0.0
SLMDREGWSLQQLSGWGNTK,0.0,0.0,0.0,0.0,0.0
SPFSSVSVSR,0.0,0.0,0.0,0.0,0.0
SPGGLQPAFVAAVVR,0.0,0.0,0.0,0.0,0.0
SWGGGNSFGVHGFSGGGFGGGGFGGGR,0.0,0.0,0.0,0.0,0.0
SYELPDGQVLTLNGER,0.0,0.0,0.0,0.0,0.0
TAAENDFVLTKK,0.0,0.0,0.0,0.0,0.0
TAFYLAEFTWMAVK,0.0,0.0,0.0,0.0,0.0
TDALTEDLNFLR,0.0,0.0,0.0,0.0,0.0
TGASLSNR,0.0,0.0,0.0,0.0,0.0
TGYAPLLSDTMFLFDQYTEHSAGYLENK,0.0,0.0,0.0,0.0,0.0
THNLEKCTFESFLNNLR,0.0,0.0,0.0,0.0,0.0
THNLEPNNGPEAYLDNLR,0.0,0.0,0.0,0.0,0.0
TLGEELQLQQLR,0.0,0.0,0.0,0.0,0.0
TLNSDLSLPEYK,0.0,0.0,0.0,0.0,0.0
TPGNVLDDLFTSK,0.0,0.0,0.0,0.0,0.0
TRDTMFALAEVK,0.0,0.0,0.0,0.0,0.0
TSEEELSSATK,0.0,0.0,0.0,0.0,0.0
TVEDDLTNLVVK,0.0,0.0,0.0,0.0,0.0
TVEGAEHALQK,0.0,0.0,0.0,0.0,0.0
TVGDLVSELAEVK,0.0,0.0,0.0,0.0,0.0
TVPNANLNVVEGNEQFLSASK,0.0,0.0,0.0,0.0,0.0
VALELLTEVTR,0.0,0.0,0.0,0.0,0.0
VALFLDDK,0.0,0.0,0.0,0.0,0.0
VDELKENTAGVSGGLLELR,0.0,0.0,0.0,0.0,0.0
VGCGGYVGLLCGK,0.0,0.0,0.0,0.0,0.0
VGPGLVSDAGFHQK,0.0,0.0,0.0,8607800.0,0.0
VKATTHNLEPYFESFLNNLR,0.0,0.0,0.0,0.0,0.0
VLHTVHPAR,0.0,0.0,0.0,0.0,0.0
VLTYEFESFATEELAYLK,0.0,0.0,0.0,0.0,0.0
VPAAGHALTNCDFCAGYLENK,0.0,0.0,0.0,0.0,0.0
VPHKELENAELQSQLSK,0.0,0.0,0.0,0.0,0.0
VSAGGGGGFGAAGGFNR,0.0,0.0,0.0,0.0,0.0
VTGRGSWLAEVGK,0.0,0.0,0.0,0.0,0.0
VYGLDLAHLDAYLDDFR,0.0,0.0,0.0,0.0,0.0
WALSLPTSMMLDNDLLSGDAGNTK,0.0,0.0,0.0,0.0,0.0
WHCGAPLLSDPPNFKWHDDEWAGYLENK,0.0,0.0,0.0,0.0,0.0
WLHALYNSNTLNNDLMLLKGLK,0.0,0.0,0.0,92465000.0,0.0
WLHTFVNSNTLNDDLMLLK,0.0,0.0,0.0,0.0,0.0
WLLNDLEDALQQAK,0.0,0.0,0.0,0.0,0.0
WNENKYETLKLDNEHEVSSSWFPMPQK,0.0,0.0,0.0,0.0,0.0
WNNPLMVVEGNEQFLSASK,0.0,0.0,0.0,0.0,0.0
WRLPNMWVEWHDKMQYETLQEELMALKK,0.0,0.0,0.0,0.0,0.0
WRNMLSHSNTLNNDLMLLK,0.0,0.0,0.0,0.0,0.0
WWMQKMTVSVTSSTLSSNVASK,0.0,0.0,0.0,0.0,0.0
WYSLLYNSNTLNNDLMLLK,0.0,0.0,0.0,0.0,0.0
YEELELTAGR,0.0,0.0,0.0,0.0,0.0
YGTAPLDTSNMFDRDMTPSLWFYLENK,0.0,0.0,0.0,0.0,0.0
YPYYQQHDVDDLKDQLVDLTVGPMK,0.0,0.0,0.0,0.0,0.0
YSLLLSLK,0.0,0.0,0.0,0.0,0.0
YTFPHFDLSTQNHVK,0.0,0.0,0.0,3033600.0,0.0
YVLDNNLTNSNYTMELK,0.0,0.0,0.0,0.0,0.0
YYPRKNKLGPRSMLVHQSLEASLAETEGR,0.0,0.0,0.0,0.0,0.0
YYTWDKNVNYRMSNCDAAGFGGSSGGYGGLGGFGGGSFR,0.0,0.0,0.0,0.0,0.0
AAGCNYVSWLK,0.0,0.0,0.0,0.0,0.0
AAPDLEDALQQAK,0.0,0.0,0.0,0.0,0.0
AKGPGGLGDKHSLSLSVAR,0.0,0.0,0.0,0.0,0.0
ALPLSDSSCCDNNRLQWMFQFAGYLENK,0.0,0.0,0.0,0.0,0.0
APLEDYSDEK,0.0,0.0,0.0,6337300.0,0.0
APLMSDDTFK,0.0,0.0,0.0,0.0,0.0
ASLYQLEEEYELLNK,0.0,0.0,0.0,0.0,0.0
ASPASHLELELQSQLSKGK,0.0,0.0,0.0,0.0,0.0
ASSSSYPDVLVPPHR,0.0,0.0,0.0,0.0,0.0
ASTAGNATVNVEEQLAAGLR,0.0,0.0,0.0,0.0,0.0
ATLLNPEGLVDQVTSLGR,0.0,0.0,0.0,0.0,0.0
AYGSSLSVSR,0.0,0.0,0.0,0.0,0.0
CVLECFNYETLQEERPVR,0.0,0.0,0.0,0.0,0.0
DEVAMLHNLSHHR,0.0,0.0,0.0,2315100.0,0.0
DLLNQELEFLK,0.0,0.0,0.0,0.0,0.0
DPECEEFTEYAGQLLDLK,0.0,0.0,0.0,0.0,0.0
DSTLLMLQLR,0.0,0.0,0.0,0.0,0.0
DTVLLDSDGDWLSFQEFLTAAK,0.0,0.0,0.0,0.0,0.0
EAFKKELGGFGAAGGFGGR,0.0,0.0,0.0,0.0,0.0
EDAEKLLDLLTK,0.0,0.0,0.0,0.0,0.0
EEYVQEDAGLLFVASNSR,0.0,0.0,0.0,0.0,0.0
EGEEWFLSK,0.0,0.0,0.0,0.0,0.0
EGEGPMFNEK,0.0,0.0,0.0,0.0,0.0
ELTAFKLELELPNPHSK,0.0,0.0,0.0,0.0,0.0
EMAFTLNNDFPLLK,0.0,0.0,0.0,0.0,0.0
ETKFAHEWFFTKTEELNR,0.0,0.0,0.0,0.0,0.0
FALPQTVLR,0.0,0.0,0.0,0.0,0.0
FASLFDLHWFLPK,0.0,0.0,0.0,0.0,0.0
FCPYYNTPMDLKDKLVDLTVGNNK,0.0,0.0,0.0,0.0,0.0
FFVAPFPDLFGK,0.0,0.0,0.0,0.0,0.0
FLDSGYYNVAKADLKDSNVDLTVPGGNK,0.0,0.0,0.0,0.0,0.0
FPSVSLQEMDPVPR,0.0,0.0,0.0,0.0,0.0
FSGSSLSVSR,0.0,0.0,0.0,0.0,0.0
FSPNYVSADLK,0.0,0.0,0.0,1187400000.0,0.0
FVVAFQLFAR,0.0,0.0,0.0,0.0,0.0
GHGTLEPYFESFLNGLAR,0.0,0.0,0.0,0.0,0.0
GHLLELTTLLRDR,0.0,0.0,0.0,0.0,0.0
GHVQELELELKDGR,0.0,0.0,0.0,0.0,0.0
GNVQALELLTEVFMALK,0.0,0.0,0.0,0.0,0.0
GPVDLAATQLLNMNR,0.0,0.0,0.0,0.0,0.0
GSGFGAVSSGGFSGGSFSR,0.0,0.0,0.0,0.0,0.0
GSSATNYVSWLK,0.0,0.0,0.0,0.0,0.0
GSSTGSYPDVLK,0.0,0.0,0.0,0.0,0.0
HGVQELELELQSELSK,0.0,0.0,0.0,0.0,0.0
HGVQELELKQQSQLSK,0.0,0.0,0.0,11980000.0,0.0
KENMHYFLNNTQLEHEVSSSGQEVQSGTK,0.0,0.0,0.0,0.0,0.0
KGDGPYHNLLEGGQEDFESSGAGK,0.0,0.0,0.0,0.0,0.0
KGHLLELLTEVTR,0.0,0.0,0.0,0.0,0.0
KNLTEHMCALKQAK,0.0,0.0,0.0,0.0,0.0
KTQGGLAVYKDLEEANGDLGENK,0.0,0.0,0.0,0.0,0.0
LAHHFGK,0.0,0.0,0.0,0.0,0.0
LALDVELKATYR,0.0,0.0,0.0,0.0,0.0
LALLLQMTK,0.0,0.0,0.0,0.0,0.0
LAPMHLR,0.0,0.0,0.0,49197.0,0.0
LDEMQYETLQEELMALKK,0.0,0.0,0.0,0.0,0.0
LDLELTYAR,0.0,0.0,0.0,0.0,0.0
LDLTAELLAVR,0.0,0.0,0.0,0.0,0.0
LELLNLFDNAWLLLQLDNAR,0.0,0.0,0.0,0.0,0.0
LERSHQEQGTDPDLSNLEAQLTDVR,0.0,0.0,0.0,0.0,0.0
LETTELDNLNEQLSSYKSELTELR,0.0,0.0,0.0,0.0,0.0
LFAVQLVTSGR,0.0,0.0,0.0,0.0,0.0
LFFDWPYFESFLNNLR,0.0,0.0,0.0,0.0,0.0
LGAEDLQVAFR,0.0,0.0,0.0,0.0,0.0
LGGDLEDALQQAKEDLAR,0.0,0.0,0.0,0.0,0.0
LGGDWLNVVEGNEKPYSAEK,0.0,0.0,0.0,0.0,0.0
LLNVGDLGHFHVPPR,0.0,0.0,0.0,0.0,0.0
LPALQPPAMNYQQSAYDLDLGK,0.0,0.0,0.0,0.0,0.0
LPDYERLGAFQSLQLSLGVR,0.0,0.0,0.0,0.0,0.0
LPEDNLNVVENGTATMLEASK,0.0,0.0,0.0,0.0,0.0
LPFKYELEPLFKGYLDKVTR,0.0,0.0,0.0,0.0,0.0
LPLDLAATNTFK,0.0,0.0,0.0,0.0,0.0
LPSYLDVKR,0.0,0.0,0.0,0.0,0.0
LVQDNLFWDLNPK,0.0,0.0,0.0,0.0,0.0
MGAGDLVEDFK,0.0,0.0,0.0,0.0,0.0
MGCNYVLLGCK,0.0,0.0,0.0,0.0,0.0
MPRRVPSDSPMFLLNR,0.0,0.0,0.0,0.0,0.0
MQASYVFAAPK,0.0,0.0,0.0,2635300.0,0.0
MSGTNGAFYSVSVSTSHTTLDMVR,0.0,0.0,0.0,0.0,0.0
MSMLGFGGGGFGSR,0.0,0.0,0.0,0.0,0.0
NAVNELNVEMDAAPRDLSR,0.0,0.0,0.0,0.0,0.0
NCNYVSWLK,0.0,0.0,0.0,0.0,0.0
NDNEEGFFSAR,0.0,0.0,0.0,0.0,0.0
NELNNNEDALKQAKEDLAR,0.0,0.0,0.0,0.0,0.0
NSSGTSYDPVLK,0.0,0.0,0.0,0.0,0.0
NYTLETLKKDPDVETVGPMKTLLDLDENK,0.0,0.0,0.0,0.0,0.0
QETGHVSAEDTKNSR,0.0,0.0,0.0,0.0,0.0
QEVLTHSEQWWVPNALSALSDLHAHK,0.0,0.0,0.0,26082000.0,0.0
QEYTVLLSLK,0.0,0.0,0.0,0.0,0.0
QFEGLVLPLTK,0.0,0.0,0.0,0.0,0.0
QGVDADLDAVR,0.0,0.0,0.0,0.0,0.0
QKVNDLEDALQQAK,0.0,0.0,0.0,0.0,0.0
QLGGKVSWGSGGCAQK,0.0,0.0,0.0,0.0,0.0
QLGLVSWGFYNK,0.0,0.0,0.0,0.0,0.0
QLGNFVSWGSDDVR,0.0,0.0,0.0,0.0,0.0
QLNTELEDALQQAK,0.0,0.0,0.0,0.0,0.0
QLPGDPSWGSGCAQK,0.0,0.0,0.0,0.0,0.0
QNVRALELELQNTLALGK,0.0,0.0,0.0,0.0,0.0
QPVDADLNGLR,0.0,0.0,0.0,0.0,0.0
QQPGFSSNYQSGNRRGSLGGGFSSGGFSGGSFDK,0.0,0.0,0.0,0.0,0.0
QQVTQLEDALQQAK,0.0,0.0,0.0,0.0,0.0
QQVTQLEEALQQAK,0.0,0.0,0.0,0.0,0.0
QRSVEADLNGLR,0.0,0.0,0.0,156000.0,0.0
QVELTDVLAEVK,0.0,0.0,0.0,0.0,0.0
QVGTDEDTLLELLASR,0.0,0.0,0.0,0.0,0.0
QYNSGSSAGLLNYQR,0.0,0.0,0.0,0.0,0.0
RAPEQLSNFAEAQLTDVR,0.0,0.0,0.0,0.0,0.0
RLYDLSNPTEHKSVTDTNVLLSMDNSR,0.0,0.0,0.0,0.0,0.0
SCPQGPLTSDMFCAGYLENK,0.0,0.0,0.0,0.0,0.0
SESDSNSFFGAGGGFSGR,0.0,0.0,0.0,0.0,0.0
SGGGFGGGGFGNR,0.0,0.0,0.0,80073.0,0.0
SHALLGASGSSYHDK,0.0,0.0,0.0,3509300.0,0.0
SLGGNFSSGGFSGGSFSR,0.0,0.0,0.0,0.0,0.0
SLLQPLNVK,0.0,0.0,0.0,0.0,0.0
SLNNQFASFLGQVTAR,0.0,0.0,0.0,0.0,0.0
TAANEEFVTLK,0.0,0.0,0.0,0.0,0.0
TAGYDQFASFLDKVR,0.0,0.0,0.0,0.0,0.0
TDTLHLVLR,0.0,0.0,0.0,0.0,0.0
THNLEHMNRVNLEQELELQSQLALK,0.0,0.0,0.0,0.0,0.0
THNLEPGNRESFLNPPTAR,0.0,0.0,0.0,169300000.0,0.0
THNQKPYFESFLNNLR,0.0,0.0,0.0,0.0,0.0
TKLPAVFK,0.0,0.0,0.0,0.0,0.0
TLDDLQDKLVDLTVGNNK,0.0,0.0,0.0,0.0,0.0
TLWDELELLEGPNCDFESSGAGK,0.0,0.0,0.0,0.0,0.0
TMKGFQKQQYAFSNLEAQLTDVR,0.0,0.0,0.0,0.0,0.0
TMNNFLDWVQYGQYALAVR,0.0,0.0,0.0,0.0,0.0
TNLEASLAEETGR,0.0,0.0,0.0,11895000.0,0.0
TPGPLEPYFNGSFLNNLR,0.0,0.0,0.0,0.0,0.0
TPSGLELPAEK,0.0,0.0,0.0,1804200.0,0.0
TPSVMVVLNNREEYQEMFHYGSNTYK,0.0,0.0,0.0,0.0,0.0
TRDLDKMFEVK,0.0,0.0,0.0,0.0,0.0
TVEASLAETEGR,0.0,0.0,0.0,0.0,0.0
TVGLSLPTSCNVFQMQLSGWGNTK,0.0,0.0,0.0,0.0,0.0
TVGNTAGYLEGGK,0.0,0.0,0.0,0.0,0.0
TVSLVSLR,0.0,0.0,0.0,0.0,0.0
TVVNLGPYVLTVKER,0.0,0.0,0.0,0.0,0.0
TYLLSSLPLQGAFYNK,0.0,0.0,0.0,0.0,0.0
VAAGGLVSWGSGGCAQK,0.0,0.0,0.0,0.0,0.0
VCACSAVSWLK,0.0,0.0,0.0,0.0,0.0
VCNYVSWIQR,0.0,0.0,0.0,0.0,0.0
VDTEVGCYETLQNGTLMAKLK,0.0,0.0,0.0,0.0,0.0
VELATYR,0.0,0.0,0.0,0.0,0.0
VEPDVEVFFQGYPNGR,0.0,0.0,0.0,0.0,0.0
VESACTEYETLQEQFNALK,0.0,0.0,0.0,0.0,0.0
VLEHLMEDLDTNADK,0.0,0.0,0.0,0.0,0.0
VPGHGNKLELELEGDLSK,0.0,0.0,0.0,0.0,0.0
VPSLSLPTSMSLSADNNLSGWGNTK,0.0,0.0,0.0,0.0,0.0
VTAAMASDLSLLDAGASALPR,0.0,0.0,0.0,0.0,0.0
VTSVAASLLNVLEGSSSVVLAPK,0.0,0.0,0.0,0.0,0.0
VVSAANSNSRAQFELWMEFHYGSNTYK,0.0,0.0,0.0,0.0,0.0
WDLPLDDVEGDAVSFLSASK,0.0,0.0,0.0,0.0,0.0
WLHYLANSNTLNNDLMLLGKGLK,0.0,0.0,0.0,0.0,0.0
WRNNLVDDNTLNNDLMLLK,0.0,0.0,0.0,0.0,0.0
WRPEDTLSNTLNNDLMLLK,0.0,0.0,0.0,0.0,0.0
WWEFLYMTLQEELMALKK,0.0,0.0,0.0,0.0,0.0
YEELQVVTGR,0.0,0.0,0.0,84603000.0,0.0
YGEELQLTAGR,0.0,0.0,0.0,0.0,0.0
YLDFSSLLETVR,0.0,0.0,0.0,0.0,0.0
YSNGSGGGFSASSLGGGFGGGSR,0.0,0.0,0.0,0.0,0.0
YTFPHFDLSHGSAQVK,0.0,0.0,0.0,0.0,0.0
YVEELVKPTPEERELLLQK,0.0,0.0,0.0,0.0,0.0
YYLHLELELQNTLSK,0.0,0.0,0.0,0.0,0.0
AAADHENHALMPHLNNLR,0.0,0.0,0.0,0.0,0.0
AAGPVDLTQLLNNMR,0.0,0.0,0.0,0.0,0.0
APEEADLNVAR,0.0,0.0,0.0,0.0,0.0
APLLDSSSCK,0.0,0.0,0.0,0.0,0.0
APSTYGNLWFNR,0.0,0.0,0.0,0.0,0.0
ATPGVNAQQSLSDAEQR,0.0,0.0,0.0,0.0,0.0
AYVVVTELELELEDLSK,0.0,0.0,0.0,0.0,0.0
CNGTSNFNVLK,0.0,0.0,0.0,0.0,0.0
DDFEDNNTEYQQLLDLK,0.0,0.0,0.0,0.0,0.0
DHYIFYCEGELHGKPVR,0.0,0.0,0.0,0.0,0.0
DNEEGFFSAR,0.0,0.0,0.0,0.0,0.0
DPAGLLDAEFSATEELAYLKGK,0.0,0.0,0.0,0.0,0.0
DQLLLNTTDNARALLQLDNAR,0.0,0.0,0.0,0.0,0.0
DRAPMHSQLWAVMPNALSALSDLHAHK,0.0,0.0,0.0,0.0,0.0
DVKYEFDEKGGEMLSFESGSAGGK,0.0,0.0,0.0,0.0,0.0
EAKLTQQLEQASLVK,0.0,0.0,0.0,0.0,0.0
EDEGFFSAR,0.0,0.0,0.0,0.0,0.0
EEESQMTWWWVNVELNVAPGK,0.0,0.0,0.0,0.0,0.0
EFSFGLNGLR,0.0,0.0,0.0,0.0,0.0
EGEEWFHAK,0.0,0.0,0.0,0.0,0.0
ELAQMTLELQSQLSMK,0.0,0.0,0.0,0.0,0.0
ELETYHNLLENQEDFESSGAGK,0.0,0.0,0.0,1623400.0,0.0
ELPCPPTSGCASAGTQCLLSGWGNTK,0.0,0.0,0.0,2913000.0,0.0
ELTYMQLEAEKEELAYLKK,0.0,0.0,0.0,0.0,0.0
ELVHPGVNNLTYECELMLLK,0.0,0.0,0.0,0.0,0.0
EPEVLALANAFQLPR,0.0,0.0,0.0,0.0,0.0
EPGDYVSEGLK,0.0,0.0,0.0,0.0,0.0
ESGSEREKNGSESGGGFGGGGFGNR,0.0,0.0,0.0,0.0,0.0
ESLNNMQDLVEDYKK,0.0,0.0,0.0,0.0,0.0
ESQGGGSTDLYGFSGGGFGGGGFGGGR,0.0,0.0,0.0,0.0,0.0
ESSLLMLQLR,0.0,0.0,0.0,0.0,0.0
ETPASLWSDCLLPLK,0.0,0.0,0.0,0.0,0.0
EVLSDTSGDFR,0.0,0.0,0.0,0.0,0.0
FGNGNSSFGNSGFSNGFNGGFGGGR,0.0,0.0,0.0,0.0,0.0
FLEQQNQVLKTELWELLQGAVDTSEK,0.0,0.0,0.0,0.0,0.0
FSGSCNGNSFGAGGGFGSR,0.0,0.0,0.0,0.0,0.0
GHGTLEPYFESFLHTNK,0.0,0.0,0.0,0.0,0.0
GPVLDNLTMEK,0.0,0.0,0.0,0.0,0.0
GTGFRELELELQSQLSK,0.0,0.0,0.0,0.0,0.0
GYSYNGSGGGFSASSLGGGFGNSR,0.0,0.0,0.0,2899700.0,0.0
HGSLTGLETVLLGLLK,0.0,0.0,0.0,0.0,0.0
HPSPALNTASSSFRRRMCGCEEAGYLENK,0.0,0.0,0.0,0.0,0.0
HTNLEPYFQSFLDNLR,0.0,0.0,0.0,0.0,0.0
KEGGGFSSGGFSNSFSR,0.0,0.0,0.0,0.0,0.0
KENNQFASFLGAQTVR,0.0,0.0,0.0,0.0,0.0
KNVALRCELQSQLALK,0.0,0.0,0.0,0.0,0.0
KSHSSTLHLELELGPKPGR,0.0,0.0,0.0,0.0,0.0
LAELDDVLQK,0.0,0.0,0.0,0.0,0.0
LAGGGLSSVGNSTTVK,0.0,0.0,0.0,0.0,0.0
LAGPMSQLVAAVVR,0.0,0.0,0.0,1653000.0,0.0
LDQWLELSNRAQFASFLDKVR,0.0,0.0,0.0,0.0,0.0
LDSLLAEVK,0.0,0.0,0.0,0.0,0.0
LDVYLGLR,0.0,0.0,0.0,0.0,0.0
LGAGLVSWGSHLSMHNK,0.0,0.0,0.0,0.0,0.0
LGSVEEQLALQR,0.0,0.0,0.0,0.0,0.0
LGVGAVALPAAAALVAGPK,0.0,0.0,0.0,0.0,0.0
LHAATLVLTQWWLPAEFTPAVHASLDK,0.0,0.0,0.0,0.0,0.0
LLNLTTDNANLLLQLDNAR,0.0,0.0,0.0,449440.0,0.0
LLQQDTLSNVLLQLDNAR,0.0,0.0,0.0,0.0,0.0
LLTATVDNANVLLKNNNAR,0.0,0.0,0.0,0.0,0.0
LLWWVNSNLLLQLDNAR,0.0,0.0,0.0,0.0,0.0
LNDLEDLAQQAK,0.0,0.0,0.0,0.0,0.0
LPALMYVCMHGK,0.0,0.0,0.0,8304000.0,0.0
LPDENLDVVQWVAAMMSASK,0.0,0.0,0.0,0.0,0.0
LPDENLNVNHKSLQLSLGVR,0.0,0.0,0.0,0.0,0.0
LPEDNLNVVECVEPFLSASK,0.0,0.0,0.0,0.0,0.0
LPEDNLNVVETDVHHLSASK,0.0,0.0,0.0,0.0,0.0
LPELEEALQK,0.0,0.0,0.0,0.0,0.0
LPSLSLPREMCCWMLLSGWGNTK,0.0,0.0,0.0,0.0,0.0
LRLGMPTWNYSHSLLSGWGNTK,0.0,0.0,0.0,0.0,0.0
LSVEPDLESMSTEELAYLKK,0.0,0.0,0.0,0.0,0.0
LSVNLGGSKSLSLVSAR,0.0,0.0,0.0,0.0,0.0
LTKGDLDNTR,0.0,0.0,0.0,0.0,0.0
LTNNDLMLLK,0.0,0.0,0.0,1890900000.0,0.0
LVGGYTNDTDGGK,0.0,0.0,0.0,0.0,0.0
MKSHSDSYEKNKWWRQGFFGGGGGSFGAGGGFGSR,0.0,0.0,0.0,0.0,0.0
MSVEWKEAPKR,0.0,0.0,0.0,0.0,0.0
MSYCTMPNVSVSVSTSHTTLSGNSR,0.0,0.0,0.0,0.0,0.0
NGDDPQGLMNGMFCAGYLENK,0.0,0.0,0.0,0.0,0.0
NGSLGGGFSSGGFSGQYSR,0.0,0.0,0.0,0.0,0.0
NLSSDSKMLAPSAGTQCGLLSGWGNTK,0.0,0.0,0.0,0.0,0.0
NPGSFGYSYGGGSGGGFSASSLGGGFGGGDK,0.0,0.0,0.0,0.0,0.0
NSELNNMQDLVEDYKK,0.0,0.0,0.0,0.0,0.0
NVLLSMDNNR,0.0,0.0,0.0,0.0,0.0
NYGCNYVSEGLK,0.0,0.0,0.0,0.0,0.0
QAFLQALYVLAGNHR,0.0,0.0,0.0,0.0,0.0
QDEGFFSAR,0.0,0.0,0.0,0.0,0.0
QDGTATYAAVALFR,0.0,0.0,0.0,0.0,0.0
QGPQTYHNLLEGGQEDFESSGAGK,0.0,0.0,0.0,0.0,0.0
QGVPTMAFLTLK,0.0,0.0,0.0,0.0,0.0
QLAAFALLQTEDVPK,0.0,0.0,0.0,0.0,0.0
QLAMTYLFSQGVASSVK,0.0,0.0,0.0,0.0,0.0
QLEDLQVAFR,0.0,0.0,0.0,0.0,0.0
QLGLVSAMGSGGCAQK,0.0,0.0,0.0,0.0,0.0
QLGLVSWGSGGPNGK,0.0,0.0,0.0,0.0,0.0
QNFASFLDRVK,0.0,0.0,0.0,0.0,0.0
QNLQTLEDALQQAKEDLAR,0.0,0.0,0.0,0.0,0.0
QNQQMQYETLQEELPVGGNVR,0.0,0.0,0.0,0.0,0.0
QPGLTHDNRMESAGYLEGGK,0.0,0.0,0.0,0.0,0.0
QPVKVTSPTLVEVSR,0.0,0.0,0.0,0.0,0.0
QRNDPFASFLDHVVR,0.0,0.0,0.0,0.0,0.0
QSLTANNSDGVNVELNVAPGK,0.0,0.0,0.0,0.0,0.0
QSVEADLDVAR,0.0,0.0,0.0,0.0,0.0
QSVEADLMVPLR,0.0,0.0,0.0,0.0,0.0
QSVLLSMDNNR,0.0,0.0,0.0,0.0,0.0
QSYEQLAENQR,0.0,0.0,0.0,0.0,0.0
QVDLDSLLSEVK,0.0,0.0,0.0,0.0,0.0
QVSLSFCDWPTAGTQCGLLSGWGNTK,0.0,0.0,0.0,0.0,0.0
RELWLFPNSAGQPQEDLAR,0.0,0.0,0.0,0.0,0.0
RMFLEFLSTR,0.0,0.0,0.0,0.0,0.0
RTLEQELATYR,0.0,0.0,0.0,140810000.0,0.0
SALQYLEEEYENLLK,0.0,0.0,0.0,0.0,0.0
SHDCCAVSWLK,0.0,0.0,0.0,0.0,0.0
SLGQLELELQAQHNLR,0.0,0.0,0.0,1134800.0,0.0
SPNFSSGSAGLLNYQR,0.0,0.0,0.0,0.0,0.0
STAAENFSHSSQDLVEDYKGK,0.0,0.0,0.0,0.0,0.0
SWVFGYSYGGGSGGGFSASSLGGGFGGGDK,0.0,0.0,0.0,0.0,0.0
SYGGGSGGGFSASSLGGGFNGSR,0.0,0.0,0.0,0.0,0.0
TGEVRHMEQVQR,0.0,0.0,0.0,0.0,0.0
TGGLLQPLNVK,0.0,0.0,0.0,0.0,0.0
THNLEFLFGNSFLNNLR,0.0,0.0,0.0,0.0,0.0
THNLEPYFETFVDRVQR,0.0,0.0,0.0,6770700.0,0.0
THNLEPYFEYALNARRR,0.0,0.0,0.0,0.0,0.0
TLLDVGPDGR,0.0,0.0,0.0,0.0,0.0
TNLEASLLSDDGR,0.0,0.0,0.0,0.0,0.0
TNYPANLTSNMFCGAGYLEGGK,0.0,0.0,0.0,0.0,0.0
TPASLNSR,0.0,0.0,0.0,0.0,0.0
TSMQQNTQK,0.0,0.0,0.0,0.0,0.0
TTQLELSELNR,0.0,0.0,0.0,0.0,0.0
TVEAGASLAETEGR,0.0,0.0,0.0,32883000.0,0.0
TVGLQPLNVELDPELQK,0.0,0.0,0.0,0.0,0.0
TYHNLLEGGQEDFESSGAGK,0.0,0.0,0.0,0.0,0.0
VAMYPTPVLLTEAPLNPK,0.0,0.0,0.0,135090.0,0.0
VCLEMQYETLK,0.0,0.0,0.0,0.0,0.0
VLEVGGDVQLDSVR,0.0,0.0,0.0,0.0,0.0
VLFELVFK,0.0,0.0,0.0,0.0,0.0
VLLELDNAR,0.0,0.0,0.0,0.0,0.0
VPETFNMPNLEQLSSYK,0.0,0.0,0.0,0.0,0.0
VPSSLMQQVDTSTR,0.0,0.0,0.0,0.0,0.0
VPVDDFR,0.0,0.0,0.0,0.0,0.0
VTEVGNSGLVDNVELLR,0.0,0.0,0.0,0.0,0.0
VTTEELAYLKK,0.0,0.0,0.0,0.0,0.0
VTTSFDLLPAR,0.0,0.0,0.0,0.0,0.0
VVSVLTVLHQDWLDGK,0.0,0.0,0.0,8351200.0,0.0
VVVEADGPFEADLNGLR,0.0,0.0,0.0,0.0,0.0
VYLDVELATYRK,0.0,0.0,0.0,1099400.0,0.0
WALSLPTRASAGDNYMMLSGWGNTK,0.0,0.0,0.0,0.0,0.0
WAPVVMWYYFRTLLSGWGNTGK,0.0,0.0,0.0,0.0,0.0
WELLDMELLKGFWELLQQVDTSEK,0.0,0.0,0.0,0.0,0.0
WELLKKFVNFMELADLRDFQGYLDKSLR,0.0,0.0,0.0,33876000.0,0.0
WLYALYNSQSLNNDLMLLK,0.0,0.0,0.0,0.0,0.0
WMLHLVLR,0.0,0.0,0.0,0.0,0.0
WMLNANLLLQLDNAR,0.0,0.0,0.0,0.0,0.0
WNNNLNVVEGNEQFLSASK,0.0,0.0,0.0,0.0,0.0
WQWRNLQGAAKNEMPAR,0.0,0.0,0.0,0.0,0.0
WRDMLPWWTLDNDLMLLK,0.0,0.0,0.0,0.0,0.0
WRDNLVNSNTLNDDLMLLK,0.0,0.0,0.0,5293300000.0,0.0
WRFFMNNFDLFNGGFGGGGYGGGAWGGGDK,0.0,0.0,0.0,0.0,0.0
WRMFYDKNTLNNDLMLLK,0.0,0.0,0.0,0.0,0.0
WSYTDLFVKFGMGGGGDPVLLGK,0.0,0.0,0.0,0.0,0.0
WVVSAAHCYK,0.0,0.0,0.0,3355300.0,0.0
YFADNEEGFFSAR,0.0,0.0,0.0,0.0,0.0
YFRVNKYNYTGLGGFGGGSFR,0.0,0.0,0.0,0.0,0.0
YMFDKWFYYTHVSDTSVVLSMDNNR,0.0,0.0,0.0,0.0,0.0
YNSFLYPKCDDLANDKLVDLTVGNNK,0.0,0.0,0.0,0.0,0.0
YNTLPVFQDQLVDLTVGDNK,0.0,0.0,0.0,0.0,0.0
YPDTMTLFFESFLGLNGR,0.0,0.0,0.0,0.0,0.0
YPFMEYNFESFLNNLR,0.0,0.0,0.0,0.0,0.0
YPMKEYNLLEGGQEDFESSGAGK,0.0,0.0,0.0,0.0,0.0
YSLLQQTPR,0.0,0.0,0.0,0.0,0.0
YVESVEELVHPTPEGDLELLLQK,0.0,0.0,0.0,0.0,0.0
YWELVNHAVLVYSQNVFELLSMDNDK,0.0,0.0,0.0,0.0,0.0
AAEPWYDK,0.0,0.0,0.0,433640.0,0.0
AATNYSEAAAVLFR,0.0,0.0,0.0,0.0,0.0
AEKMQTQLSETNVLLSMDNNR,0.0,0.0,0.0,0.0,0.0
ALSALLVTK,0.0,0.0,0.0,0.0,0.0
ALSYLNEVKALNGTANNDLENK,0.0,0.0,0.0,0.0,0.0
APLLSDMETK,0.0,0.0,0.0,0.0,0.0
APSTYGQVSSSVR,0.0,0.0,0.0,0.0,0.0
ASSTLLLEYRLSKAK,0.0,0.0,0.0,0.0,0.0
CPVHTYYLLHLNNDLMLLK,0.0,0.0,0.0,0.0,0.0
DGGQADRALKQAKNEMPAR,0.0,0.0,0.0,0.0,0.0
DHYDLSLSKLHKSVTDTNVLLSMDNSR,0.0,0.0,0.0,0.0,0.0
DNKDKYETQLVENEHEVSSSQGEVFEPK,0.0,0.0,0.0,0.0,0.0
DPEVQLTDAFATEELAYLKK,0.0,0.0,0.0,0.0,0.0
DSSGTSYPDVLK,0.0,0.0,0.0,0.0,0.0
EAGLEGCQNQEYSLLLSLK,0.0,0.0,0.0,0.0,0.0
EAQLDFLYEQLLAK,0.0,0.0,0.0,0.0,0.0
EGEPDFFSAR,0.0,0.0,0.0,0.0,0.0
EKLSLDFQCCSAGTQCLLSGWGNTK,0.0,0.0,0.0,0.0,0.0
ELDLDSLLVTVK,0.0,0.0,0.0,0.0,0.0
EVENKYETQLTQLEHEVSACGQEVQSGTK,0.0,0.0,0.0,0.0,0.0
EVVLNQELEFLK,0.0,0.0,0.0,0.0,0.0
EWGGSLSGGGYGSNGSNR,0.0,0.0,0.0,34005000.0,0.0
FELLVSTGPYTEMEVNK,0.0,0.0,0.0,0.0,0.0
FESFLDNLR,0.0,0.0,0.0,0.0,0.0
FSNQVSSGGFSGGSFSR,0.0,0.0,0.0,0.0,0.0
FWESASSLGNYQNR,0.0,0.0,0.0,0.0,0.0
GAVVLGEFK,0.0,0.0,0.0,0.0,0.0
GLLTATVDNANVLLPPEAFR,0.0,0.0,0.0,0.0,0.0
GPYESGSGHSSLGHGR,0.0,0.0,0.0,0.0,0.0
GSSSGGGYSSGSSSYGSNR,0.0,0.0,0.0,7962900.0,0.0
HEHTDEYEYDELLVR,0.0,0.0,0.0,1461500.0,0.0
HSAGGLEPYFESFLNNLR,0.0,0.0,0.0,0.0,0.0
HWNRYSFSTEQLSNLEAQLTDVR,0.0,0.0,0.0,0.0,0.0
KDYPKNLK,0.0,0.0,0.0,0.0,0.0
KEGNFSSGGFSSNFSR,0.0,0.0,0.0,0.0,0.0
KELSLQWMASAGTQCGLLSGWGNTK,0.0,0.0,0.0,0.0,0.0
KGGDGNLNVVEGDQQFLSASGK,0.0,0.0,0.0,0.0,0.0
KGGSHSSHHNQDGNLLSFESSAGGK,0.0,0.0,0.0,0.0,0.0
KPPGKMLLVDLTVGNNK,0.0,0.0,0.0,0.0,0.0
KYLENEVALR,0.0,0.0,0.0,0.0,0.0
LADLELYTAR,0.0,0.0,0.0,0.0,0.0
LADLSLGK,0.0,0.0,0.0,0.0,0.0
LAGGGLSSVGGGSSTLK,0.0,0.0,0.0,774070.0,0.0
LAGGQPQPVVQALEEANDDLENK,0.0,0.0,0.0,0.0,0.0
LAHLLDQVQALEEADNDLENK,0.0,0.0,0.0,0.0,0.0
LASYCPRRKALEEANNDLEGGK,0.0,0.0,0.0,0.0,0.0
LEAQLTDVR,0.0,0.0,0.0,0.0,0.0
LEFLSQNQVLQYRWELLQQVDGMTR,0.0,0.0,0.0,0.0,0.0
LEGEMGALESLTEELAYLKR,0.0,0.0,0.0,0.0,0.0
LEHLGNELELQSQLVQK,0.0,0.0,0.0,13960000.0,0.0
LELTELNR,0.0,0.0,0.0,0.0,0.0
LFFDEPYFESFLNNLR,0.0,0.0,0.0,0.0,0.0
LGGHQNLQQVDTESK,0.0,0.0,0.0,0.0,0.0
LKYEENVLAR,0.0,0.0,0.0,0.0,0.0
LLGNVLVVLLGR,0.0,0.0,0.0,0.0,0.0
LLSDNNTAGDGELAYQEFLTAAR,0.0,0.0,0.0,0.0,0.0
LLTATLENNR,0.0,0.0,0.0,0.0,0.0
LNANLNLTTDNANLLLQLDNAR,0.0,0.0,0.0,0.0,0.0
LPASNDLMLLK,0.0,0.0,0.0,0.0,0.0
LPGYVGSEVALR,0.0,0.0,0.0,0.0,0.0
LPKENLEPLFKGYLDRATR,0.0,0.0,0.0,0.0,0.0
LPQLFMQNFCCMAGYLEGGK,0.0,0.0,0.0,0.0,0.0
LPSLSLPTSPECCGMMLLSGWGNTK,0.0,0.0,0.0,0.0,0.0
LRLGMQMWASAGTQMTCLSGWGNTK,0.0,0.0,0.0,0.0,0.0
LSGGALMCQPSNGYLSNLEAQLTDVR,0.0,0.0,0.0,0.0,0.0
LSQLQAQLSALEEKLSGAPGR,0.0,0.0,0.0,0.0,0.0
LVGYDLLWDNHKWESTNVLLSMDNSR,0.0,0.0,0.0,0.0,0.0
LVQGLELELQSQLSMKR,0.0,0.0,0.0,55666000.0,0.0
LYSMTPYFEPPGLNPPTAR,0.0,0.0,0.0,0.0,0.0
MFFDAEWSKWTHVSDTSVVLSMDNNR,0.0,0.0,0.0,0.0,0.0
MGRLTVMLDDNLEQLSSYK,0.0,0.0,0.0,0.0,0.0
MHALFLDNNLEQLSSYK,0.0,0.0,0.0,0.0,0.0
MLKTFYNSSELNNDLMLLK,0.0,0.0,0.0,0.0,0.0
MPELEYETQLQTLEHEVSSSGQEVGASSQK,0.0,0.0,0.0,0.0,0.0
MPSLDNTPVEK,0.0,0.0,0.0,0.0,0.0
MSQSMAFYSVSVSTSHTTLDMVR,0.0,0.0,0.0,0.0,0.0
MSVEADLDVAR,0.0,0.0,0.0,0.0,0.0
NGAENTNNTSNMESAGYLEGGK,0.0,0.0,0.0,0.0,0.0
NGFSSGGFSGGYASR,0.0,0.0,0.0,0.0,0.0
NHGTLEPYFESFLNNLR,0.0,0.0,0.0,0.0,0.0
NHQEEFSQLTGQNSGDVNVELNVAPGK,0.0,0.0,0.0,868980000.0,0.0
NSTLNNDLLPVK,0.0,0.0,0.0,0.0,0.0
NYSFLYNVDDDLKDQLVDLTVGNNK,0.0,0.0,0.0,0.0,0.0
PDTVDVLMHMLDR,0.0,0.0,0.0,0.0,0.0
QFNALLVR,0.0,0.0,0.0,0.0,0.0
QGLEGQLLQLVEK,0.0,0.0,0.0,0.0,0.0
QGPFEVLLLASDDFGK,0.0,0.0,0.0,0.0,0.0
QKAENALEDALQQAK,0.0,0.0,0.0,0.0,0.0
QKVEALEEALQK,0.0,0.0,0.0,0.0,0.0
QLGGKSVWGSGCGAQK,0.0,0.0,0.0,0.0,0.0
QLGLSREGSGGCAQK,0.0,0.0,0.0,0.0,0.0
QLGLVSSSGSGSGQSSGK,0.0,0.0,0.0,0.0,0.0
QLTQLEDALQQAK,0.0,0.0,0.0,725940.0,0.0
QNLEPLFEQGAKPTYR,0.0,0.0,0.0,0.0,0.0
QNLNDEEHALQQAK,0.0,0.0,0.0,0.0,0.0
QNNPPLELELQSQLSK,0.0,0.0,0.0,0.0,0.0
QSESVLLLSMDNNR,0.0,0.0,0.0,19864000.0,0.0
QSLEASLAEETGR,0.0,0.0,0.0,0.0,0.0
QSYNLADVFEK,0.0,0.0,0.0,0.0,0.0
QVDLESLLAEVK,0.0,0.0,0.0,0.0,0.0
QYWRHSESLTEELAYLKR,0.0,0.0,0.0,0.0,0.0
SGDVNVELNVAPGK,0.0,0.0,0.0,0.0,0.0
SGGSVAKGFSSGGFSGGSFSR,0.0,0.0,0.0,0.0,0.0
SGLDLDGTLYTVK,0.0,0.0,0.0,0.0,0.0
SLGSGHSDDFMALLSGWGGGTK,0.0,0.0,0.0,0.0,0.0
SLLTPLNLQLDPTLQR,0.0,0.0,0.0,0.0,0.0
SLNGFSSGGFSGGSFSR,0.0,0.0,0.0,0.0,0.0
SNEVNANVEMDAAPGVDLSR,0.0,0.0,0.0,0.0,0.0
SNSGTSYPDVLK,0.0,0.0,0.0,0.0,0.0
SSNPFTFLVPPR,0.0,0.0,0.0,0.0,0.0
TAAANQFASFLNGK,0.0,0.0,0.0,0.0,0.0
TAAGQQFASFLNGK,0.0,0.0,0.0,0.0,0.0
TDLSELR,0.0,0.0,0.0,0.0,0.0
TDQDAEEERLLSFQEFLTAAR,0.0,0.0,0.0,0.0,0.0
TDVKELSELNR,0.0,0.0,0.0,143100.0,0.0
TEYYVYETLQEELMALKK,0.0,0.0,0.0,0.0,0.0
TFGVSRLPR,0.0,0.0,0.0,0.0,0.0
TGGVEADLKHSAR,0.0,0.0,0.0,0.0,0.0
TICQDSLPLLLDHR,0.0,0.0,0.0,458180.0,0.0
TLGDALVLSELNR,0.0,0.0,0.0,0.0,0.0
TLYSEVNTR,0.0,0.0,0.0,0.0,0.0
TPAAVMCSLMLPAWDLLSGWGNTK,0.0,0.0,0.0,0.0,0.0
TPESMLHNLHSHR,0.0,0.0,0.0,0.0,0.0
TQLSETNVLLSMDNNR,0.0,0.0,0.0,0.0,0.0
TSAALELSELNR,0.0,0.0,0.0,0.0,0.0
TTDNANLLLQLDNAR,0.0,0.0,0.0,0.0,0.0
TVVHPSYNCKALNDDLMLLK,0.0,0.0,0.0,0.0,0.0
VADDLEDALQQAK,0.0,0.0,0.0,0.0,0.0
VAGANHCPYFESFLNNLR,0.0,0.0,0.0,0.0,0.0
VDDAAYLNKVELEAK,0.0,0.0,0.0,0.0,0.0
VDELEALAR,0.0,0.0,0.0,3347500.0,0.0
VDGNYVSVDLK,0.0,0.0,0.0,0.0,0.0
VDPNQFASFLDK,0.0,0.0,0.0,0.0,0.0
VDTLTNEGFVLK,0.0,0.0,0.0,0.0,0.0
VLDNHARTK,0.0,0.0,0.0,0.0,0.0
VLLNGNPLTLFQEDRPSK,0.0,0.0,0.0,0.0,0.0
VLLQEETGR,0.0,0.0,0.0,54863.0,0.0
VLQALTEPTSLTLHHPR,0.0,0.0,0.0,22994000.0,0.0
VLSPGLGGSK,0.0,0.0,0.0,0.0,0.0
VLVLDDTYK,0.0,0.0,0.0,604530.0,0.0
VPSLSMTWCDRPLDLLSGWGNTK,0.0,0.0,0.0,0.0,0.0
VSVELTGEKFK,0.0,0.0,0.0,0.0,0.0
VTLTPLNLQLDAEPKR,0.0,0.0,0.0,0.0,0.0
VTTEELYALKK,0.0,0.0,0.0,0.0,0.0
VVENGEQFLSASK,0.0,0.0,0.0,175620.0,0.0
VVSVQSQVDNHYGQMEPVVCCYK,0.0,0.0,0.0,0.0,0.0
VYVEELKPTPEERELLLQK,0.0,0.0,0.0,0.0,0.0
WALFASLWNQFASFLDKVR,0.0,0.0,0.0,0.0,0.0
WALSLPTSDDLSAWLLSGWGNTK,0.0,0.0,0.0,0.0,0.0
WANDQFASFLDK,0.0,0.0,0.0,0.0,0.0
WEECYSGFGWPQPEGNEEASGSGGGYGGGGSK,0.0,0.0,0.0,0.0,0.0
WFKELELELQSQLKTR,0.0,0.0,0.0,0.0,0.0
WFKELELELQSQLSKK,0.0,0.0,0.0,0.0,0.0
WGGNPLMSKEGNAVSFLSASK,0.0,0.0,0.0,0.0,0.0
WLHCKVMSNTLNNDLMLLK,0.0,0.0,0.0,0.0,0.0
WLSLMTER,0.0,0.0,0.0,0.0,0.0
WNNNLMVVEGNAVSFLSASK,0.0,0.0,0.0,0.0,0.0
WNNNRGRVEGNEQFLSASK,0.0,0.0,0.0,0.0,0.0
WRQEELNSNTLNNDLMLLGK,0.0,0.0,0.0,0.0,0.0
WVMLMQLLR,0.0,0.0,0.0,0.0,0.0
WWEFFRFYWWMMGFMEGGFGGGAGGGDGGLLTAADGK,0.0,0.0,0.0,0.0,0.0
YANASSLGGFGGNSR,0.0,0.0,0.0,0.0,0.0
YAVTKLCALELVEDLSK,0.0,0.0,0.0,0.0,0.0
YEYPLTMKMFQHKPNEYETLQEELMALKK,0.0,0.0,0.0,0.0,0.0
YLYEALR,0.0,0.0,0.0,0.0,0.0
YNTLRGEEDKLVDLTVGNGGGK,0.0,0.0,0.0,0.0,0.0
YPYYQLVDCQWKDQLVDLTVGPMK,0.0,0.0,0.0,0.0,0.0
YYLMWCQYETLNLLSGWGNTK,0.0,0.0,0.0,0.0,0.0
AAAGQDNEEGFFSAR,0.0,0.0,0.0,0.0,0.0
AHSNLEGPYFESFLNNLR,0.0,0.0,0.0,0.0,0.0
ALGAAFALLQNTPQTK,0.0,0.0,0.0,0.0,0.0
APNYVSWLGK,0.0,0.0,0.0,0.0,0.0
CGPPTAMDSEGGK,0.0,0.0,0.0,0.0,0.0
CPGLSLHGPEESAGTQSSMNSGWGNTK,0.0,0.0,0.0,0.0,0.0
CPLYRQWLLDAQSALPR,0.0,0.0,0.0,0.0,0.0
DLPDADLNAVR,0.0,0.0,0.0,0.0,0.0
DMQDMVEDYR,0.0,0.0,0.0,0.0,0.0
DNQDKYETQLTQLEHEVSSSQGEVFEPK,0.0,0.0,0.0,0.0,0.0
DPEEWFFTK,0.0,0.0,0.0,0.0,0.0
DVCLKTELDDLLEQLSSYK,0.0,0.0,0.0,0.0,0.0
EALLVQEPLK,0.0,0.0,0.0,0.0,0.0
EAMEEQLLAK,0.0,0.0,0.0,0.0,0.0
EEGVMTSTKGYSYGGGSGGGFSASSLGGGFGNSR,0.0,0.0,0.0,0.0,0.0
EGVGGDGGEGEGFFSAR,0.0,0.0,0.0,0.0,0.0
EGVNDNEEGFFSLR,0.0,0.0,0.0,0.0,0.0
EGVNYVDGELK,0.0,0.0,0.0,0.0,0.0
EHLVLMEDLDTNADK,0.0,0.0,0.0,0.0,0.0
ELDAMQLELSK,0.0,0.0,0.0,0.0,0.0
ELNAGPLFEQYLDNLR,0.0,0.0,0.0,0.0,0.0
EPLTLKVVVNDEDPVVVTK,0.0,0.0,0.0,0.0,0.0
EPVNTYECCSAGTKCLLSGWGNTK,0.0,0.0,0.0,0.0,0.0
EVVLQNELEFLGK,0.0,0.0,0.0,0.0,0.0
FLEKRDKACHTKTPELLQQVDTSEK,0.0,0.0,0.0,0.0,0.0
FPEANVLLLASDDFGK,0.0,0.0,0.0,0.0,0.0
FSSSGGNNGR,0.0,0.0,0.0,0.0,0.0
FYNAYKNGMAAQTFVYGCNR,0.0,0.0,0.0,0.0,0.0
FYYEQVSWLK,0.0,0.0,0.0,0.0,0.0
GKGPRYTNAMKNYVSGELK,0.0,0.0,0.0,71665000.0,0.0
GLVGAGLELELQSQLSMK,0.0,0.0,0.0,0.0,0.0
GPVAADLTQLLNNMR,0.0,0.0,0.0,0.0,0.0
GPYSLFYNVDDDLK,0.0,0.0,0.0,0.0,0.0
GSGGGSYGGGGSGGGYGGGSGSR,0.0,0.0,0.0,0.0,0.0
HEEPPVLGLLTEAPLNPK,0.0,0.0,0.0,0.0,0.0
HNVQELELELQQSLSK,0.0,0.0,0.0,17388000.0,0.0
HPVQSYLELELEDLSK,0.0,0.0,0.0,0.0,0.0
HSSNLEDFLLEGGQEDFESSGAGK,0.0,0.0,0.0,0.0,0.0
KDQMPYETKLTACFWEVSSSGQEVQSGTK,0.0,0.0,0.0,0.0,0.0
KELSLQADMASAGTQSSVLSGWGNTK,0.0,0.0,0.0,0.0,0.0
KGNLDNLEDALQQAK,0.0,0.0,0.0,0.0,0.0
KHTTNPLELELQSQLSK,0.0,0.0,0.0,0.0,0.0
KLANGVSWGSGNPGK,0.0,0.0,0.0,462320.0,0.0
KLEFMEQNLR,0.0,0.0,0.0,0.0,0.0
KMSLLLSYEKNQEYFQYYMGGGGGSFGAGGGFGSR,0.0,0.0,0.0,0.0,0.0
KNTLARLEEELR,0.0,0.0,0.0,0.0,0.0
KRDKLYMEKNLR,0.0,0.0,0.0,0.0,0.0
KVDGGAEDALQQAK,0.0,0.0,0.0,0.0,0.0
LAETNPLLK,0.0,0.0,0.0,174550.0,0.0
LAGAAFALLQTEDVPK,0.0,0.0,0.0,0.0,0.0
LAGKDVETYLAR,0.0,0.0,0.0,0.0,0.0
LALDLELLYTR,0.0,0.0,0.0,0.0,0.0
LALDLELTAYR,0.0,0.0,0.0,0.0,0.0
LEEDNTLELLEGGQEDFESSGAGK,0.0,0.0,0.0,24034000.0,0.0
LELTSVTPR,0.0,0.0,0.0,0.0,0.0
LFEQQNK,0.0,0.0,0.0,0.0,0.0
LFHFLHK,0.0,0.0,0.0,0.0,0.0
LISQIVSSITASLR,0.0,0.0,0.0,0.0,0.0
LLLQLDDAR,0.0,0.0,0.0,2257100.0,0.0
LLSGWGTNK,0.0,0.0,0.0,0.0,0.0
LPEDNLDVVEQQGDFLSASK,0.0,0.0,0.0,0.0,0.0
LPEDNLNVVECFEAFLSASK,0.0,0.0,0.0,0.0,0.0
LPERQPLSHPLFQGYLDKVTR,0.0,0.0,0.0,0.0,0.0
LPGDGLWMQRYDQELLSGWGNTK,0.0,0.0,0.0,0.0,0.0
LRAVMQWMASAGTQCGLLSGWGNTK,0.0,0.0,0.0,0.0,0.0
LSAANQLEDALQQAKEDLAR,0.0,0.0,0.0,0.0,0.0
LSDEMKYNGTLQEELMAKLK,0.0,0.0,0.0,0.0,0.0
LSQNLLQPLNVELDKPNQK,0.0,0.0,0.0,0.0,0.0
LSVNLNSKGSLSLSVAR,0.0,0.0,0.0,0.0,0.0
LTNLTQQLEQATVVK,0.0,0.0,0.0,0.0,0.0
LTWLYDNTTGK,0.0,0.0,0.0,0.0,0.0
MCGNYVSWLK,0.0,0.0,0.0,0.0,0.0
MFFDAELSQMKTHVSDTWVLSMDNNR,0.0,0.0,0.0,0.0,0.0
MGSCNYVSWLK,0.0,0.0,0.0,0.0,0.0
MSVEADLDRVAR,0.0,0.0,0.0,0.0,0.0
NEEGFFSAR,0.0,0.0,0.0,0.0,0.0
NGFGGGSSFGGGSGFSNGFNGGFGGGR,0.0,0.0,0.0,0.0,0.0
NGLDLDSLLEAVR,0.0,0.0,0.0,0.0,0.0
NHSALEPYFESFLNNLR,0.0,0.0,0.0,0.0,0.0
NPQNPLNVVEGNEQFLSASK,0.0,0.0,0.0,0.0,0.0
NVSSANGDTKVGFTSSTLSSNVASK,0.0,0.0,0.0,0.0,0.0
QAAQALELELQTNLALK,0.0,0.0,0.0,1972100.0,0.0
QAYEELANR,0.0,0.0,0.0,0.0,0.0
QDDCAMMAEGGK,0.0,0.0,0.0,0.0,0.0
QDEPFRNLLEGGEEDFESSGAGK,0.0,0.0,0.0,0.0,0.0
QEGDEQLLAK,0.0,0.0,0.0,0.0,0.0
QENYVSEGLK,0.0,0.0,0.0,0.0,0.0
QGAPGVDLTQLLNNMR,0.0,0.0,0.0,0.0,0.0
QGDANQQAGYLEGGK,0.0,0.0,0.0,0.0,0.0
QGLLSLAK,0.0,0.0,0.0,0.0,0.0
QGLMEVLLLASDDGFK,0.0,0.0,0.0,0.0,0.0
QLGLVSWGSCGAQK,0.0,0.0,0.0,0.0,0.0
QLLEEHQGGFSGSGFSR,0.0,0.0,0.0,7332300.0,0.0
QLSQPGLEDALQQAK,0.0,0.0,0.0,0.0,0.0
QNASLQAALTDAEQR,0.0,0.0,0.0,886810.0,0.0
QNELLQQVDTSTR,0.0,0.0,0.0,0.0,0.0
QNTLLQQVDYGPK,0.0,0.0,0.0,0.0,0.0
QNVHPSYNSNTDNNDLMLLK,0.0,0.0,0.0,0.0,0.0
QSEESLALYHSK,0.0,0.0,0.0,0.0,0.0
QVDLDTVLAELK,0.0,0.0,0.0,0.0,0.0
QVDLEDALQQVK,0.0,0.0,0.0,0.0,0.0
QVEPLFQGYLDKVTR,0.0,0.0,0.0,0.0,0.0
QYSSVSVSR,0.0,0.0,0.0,0.0,0.0
SGLLDLDNTR,0.0,0.0,0.0,1246800.0,0.0
SLKWMMAVKALEEANNDLENK,0.0,0.0,0.0,0.0,0.0
SLNALLDVYHK,0.0,0.0,0.0,0.0,0.0
SNSSASYPDVLK,0.0,0.0,0.0,0.0,0.0
SPLEELDNNLEGALSSYK,0.0,0.0,0.0,0.0,0.0
SPPTTELDDAREKMTMSK,0.0,0.0,0.0,0.0,0.0
SWGGGNSFYLTCSGGGFGGGGFGNR,0.0,0.0,0.0,0.0,0.0
TFLNQELK,0.0,0.0,0.0,0.0,0.0
THGGLEYPFEYALNNLR,0.0,0.0,0.0,0.0,0.0
TLGLLGAPFSK,0.0,0.0,0.0,0.0,0.0
TLLDLDQTR,0.0,0.0,0.0,0.0,0.0
TNAEYSFNTLK,0.0,0.0,0.0,0.0,0.0
TPYLELELEMGSK,0.0,0.0,0.0,0.0,0.0
TSGLETLLNLPRLK,0.0,0.0,0.0,0.0,0.0
TVEVEVTLAEVK,0.0,0.0,0.0,0.0,0.0
TVGLSLPTSMMNSTPGNLSGWGNTK,0.0,0.0,0.0,0.0,0.0
TVVHPSYNSLCLDNDLMLLK,0.0,0.0,0.0,0.0,0.0
TVVHPVNDDLSCFDDLFLLK,0.0,0.0,0.0,0.0,0.0
VADALTQRAHVDDMPNALSALSDLHAHK,0.0,0.0,0.0,0.0,0.0
VCNYVVGVMK,0.0,0.0,0.0,26938000.0,0.0
VDATPLDLTVDFK,0.0,0.0,0.0,0.0,0.0
VGCDYVSWLK,0.0,0.0,0.0,0.0,0.0
VGQDADLNGLR,0.0,0.0,0.0,0.0,0.0
VLYDAELCKPHKSVTDTNVLLSMDNDK,0.0,0.0,0.0,0.0,0.0
VNQARMDYHSWAPRDLTQLLDNMR,0.0,0.0,0.0,0.0,0.0
VNSWWTQCHFVAPGVDLTQLLNNMR,0.0,0.0,0.0,0.0,0.0
VNVEMNAAPGVDLTQLLNNMR,0.0,0.0,0.0,0.0,0.0
VPEDNLNVVECPDLFLSASK,0.0,0.0,0.0,0.0,0.0
VPGGLVSWGSGPGNK,0.0,0.0,0.0,0.0,0.0
VQASNLQQSLSDAEQR,0.0,0.0,0.0,0.0,0.0
VVGPLSGADLHGMLEMDPLR,0.0,0.0,0.0,0.0,0.0
WALSLPTSMMNDLDLLSGWGNTK,0.0,0.0,0.0,0.0,0.0
WEDGEFFSK,0.0,0.0,0.0,0.0,0.0
WETEGFLSK,0.0,0.0,0.0,0.0,0.0
WHCAPLNAPLLSWFHMMGMHNAGYLENK,0.0,0.0,0.0,0.0,0.0
YAASSYLSLTPEQWK,0.0,0.0,0.0,0.0,0.0
YATSQHMNDQTQGSYGSFTEQHR,0.0,0.0,0.0,0.0,0.0
YEKMNVWKFLEFEMYETLQEELMALKK,0.0,0.0,0.0,7678200.0,0.0
YGFQANLLVR,0.0,0.0,0.0,0.0,0.0
YQEEMQYETLKERCHLK,0.0,0.0,0.0,0.0,0.0
AAPDEADLNVAR,0.0,0.0,0.0,0.0,0.0
APSTYGGGLVSSSSR,0.0,0.0,0.0,31972000.0,0.0
DPGLSNHFFCLQLDLLSGWGNTK,0.0,0.0,0.0,0.0,0.0
DPGTSLPTSYWLGPDLLSGWGNTK,0.0,0.0,0.0,0.0,0.0
EAALKAVAEAEQQGEAALSDAR,0.0,0.0,0.0,0.0,0.0
EANNKFASFLNK,0.0,0.0,0.0,0.0,0.0
EAWCRGLYKSKYEELQLTAGR,0.0,0.0,0.0,0.0,0.0
EEMLLQQVDTSTR,0.0,0.0,0.0,0.0,0.0
EGEMDPFFTK,0.0,0.0,0.0,0.0,0.0
EGNSEWFFTK,0.0,0.0,0.0,0.0,0.0
EGVEDLEVSGK,0.0,0.0,0.0,0.0,0.0
ELTTELDNNLEKLSSYKSPPLAEDFK,0.0,0.0,0.0,0.0,0.0
EPEHPVLLGLTEAPLNPK,0.0,0.0,0.0,2558900.0,0.0
EPTQQFASFLDK,0.0,0.0,0.0,0.0,0.0
ESQMAWNATLLELR,0.0,0.0,0.0,811690.0,0.0
EVDNTWLFTK,0.0,0.0,0.0,0.0,0.0
EVLLLQQVDWMK,0.0,0.0,0.0,0.0,0.0
EVPKAVEDLESVGK,0.0,0.0,0.0,0.0,0.0
EVVDGHLNQELEFLK,0.0,0.0,0.0,0.0,0.0
EWANLKQVDTSTR,0.0,0.0,0.0,0.0,0.0
FAAFLDK,0.0,0.0,0.0,0.0,0.0
FFVALMPEVFGK,0.0,0.0,0.0,0.0,0.0
FGNGGGSSFNGSGFSGNFNGGFGNR,0.0,0.0,0.0,0.0,0.0
FPGQEQLNSLEAQLTDVR,0.0,0.0,0.0,0.0,0.0
GPMQDMVEDYR,0.0,0.0,0.0,0.0,0.0
GYLDFSLHVGHVR,0.0,0.0,0.0,0.0,0.0
HFDQPLGQFASFQMYWDPNWGAGYLENK,0.0,0.0,0.0,0.0,0.0
HPGGGNFGGGGFGSR,0.0,0.0,0.0,0.0,0.0
HTYDTVLSQLHKSVTDTNVLLSMDNSR,0.0,0.0,0.0,0.0,0.0
KEVENQYFPNLTQLEHEVSSQSGEVQSGTK,0.0,0.0,0.0,0.0,0.0
KGGVADEKELKSQLALK,0.0,0.0,0.0,0.0,0.0
KGRKNFALSELNR,0.0,0.0,0.0,0.0,0.0
LAEENAETLEVK,0.0,0.0,0.0,509170.0,0.0
LAEESNYELATNALK,0.0,0.0,0.0,0.0,0.0
LALDLELSVYR,0.0,0.0,0.0,21123000.0,0.0
LALDVELTQYR,0.0,0.0,0.0,0.0,0.0
LELATYR,0.0,0.0,0.0,0.0,0.0
LETYHNLLEGGQEDFESSGAGK,0.0,0.0,0.0,0.0,0.0
LGMDDFAAFEVK,0.0,0.0,0.0,0.0,0.0
LHGHNGWFGYSYGGGSGGGFSASSLGGGFGGGSR,0.0,0.0,0.0,0.0,0.0
LKYEDEVALR,0.0,0.0,0.0,103310.0,0.0
LLKEYQLEMNVK,0.0,0.0,0.0,2560500.0,0.0
LLSLTEQALAK,0.0,0.0,0.0,0.0,0.0
LNDLEASYQAGAK,0.0,0.0,0.0,0.0,0.0
LPEDNLNVVECQTPFLSASK,0.0,0.0,0.0,0.0,0.0
LPEDNLNVVEEADQFLSASK,0.0,0.0,0.0,0.0,0.0
LPKERNLEPLFQGYLDKVTR,0.0,0.0,0.0,0.0,0.0
LPSLSLPTSCGASAGTQSSVLSGADGNTK,0.0,0.0,0.0,0.0,0.0
LPSLSLPTSMMNSESGQLSGWGNTK,0.0,0.0,0.0,0.0,0.0
LSAYLDKVQALEEANDDLENK,0.0,0.0,0.0,0.0,0.0
LSGWNGTK,0.0,0.0,0.0,0.0,0.0
LSLDVELYTAR,0.0,0.0,0.0,0.0,0.0
LSLEDQSGSAGTQSSVLSGWGNTK,0.0,0.0,0.0,0.0,0.0
LVGGYTGDSANDK,0.0,0.0,0.0,0.0,0.0
MFCSGLFENK,0.0,0.0,0.0,0.0,0.0
MFGCAGYLEGGK,0.0,0.0,0.0,0.0,0.0
MFTGCMLEGGK,0.0,0.0,0.0,0.0,0.0
NALSNLQQSLSDAEQR,0.0,0.0,0.0,0.0,0.0
NGSEGNSFNVHFSGGGFGGGGFGNR,0.0,0.0,0.0,0.0,0.0
NHVDDDFR,0.0,0.0,0.0,0.0,0.0
NNLEMQYETLQEELMAKLK,0.0,0.0,0.0,0.0,0.0
NPLYYTVDYTLNNDLMLLK,0.0,0.0,0.0,0.0,0.0
NQRSHQRQNNDDLSNLEAQLTDVR,0.0,0.0,0.0,0.0,0.0
NTMLESKLELEDKLSNK,0.0,0.0,0.0,0.0,0.0
NYSQFFDTLVSGNGADKLVDLTVGNNK,0.0,0.0,0.0,0.0,0.0
QAGYEDLAQK,0.0,0.0,0.0,58925.0,0.0
QAYEQLDAK,0.0,0.0,0.0,0.0,0.0
QDASYPDVLK,0.0,0.0,0.0,0.0,0.0
QELECGQNQEYSLLLSLGK,0.0,0.0,0.0,0.0,0.0
QGGNLSFASFLDGGKVR,0.0,0.0,0.0,0.0,0.0
QNHVELEGLELAGTGLGSK,0.0,0.0,0.0,0.0,0.0
QNMTLELELQTNLSMK,0.0,0.0,0.0,0.0,0.0
QNVALELELQSQLLLK,0.0,0.0,0.0,790760.0,0.0
QNVRALELELQNTLALK,0.0,0.0,0.0,0.0,0.0
QSNYLADVFEK,0.0,0.0,0.0,0.0,0.0
QVQLDPVTGAR,0.0,0.0,0.0,607880.0,0.0
SDGSVWNFHVWNHANAAGPR,0.0,0.0,0.0,4945500.0,0.0
SDLEMQYETLQEELFVGR,0.0,0.0,0.0,0.0,0.0
SLLTPLNLELDFPGHK,0.0,0.0,0.0,0.0,0.0
SPGGFSSSGAGLLNYQR,0.0,0.0,0.0,0.0,0.0
SPSLRSPMFLLNR,0.0,0.0,0.0,0.0,0.0
SVEADLNRGLR,0.0,0.0,0.0,156630.0,0.0
TATENEFVMLKK,0.0,0.0,0.0,0.0,0.0
THNLEHHFESFLNRAR,0.0,0.0,0.0,0.0,0.0
TLLDLDAWK,0.0,0.0,0.0,1654200.0,0.0
TNAENGEPNTLK,0.0,0.0,0.0,0.0,0.0
TNEYQQLLDLK,0.0,0.0,0.0,0.0,0.0
TPALGMMMATLNLDDLLSGWGNTK,0.0,0.0,0.0,0.0,0.0
TPDEEDLDALEHMFR,0.0,0.0,0.0,0.0,0.0
TSGSYPDVLK,0.0,0.0,0.0,0.0,0.0
TVALELVEDLSK,0.0,0.0,0.0,0.0,0.0
TVDLDHVVPCVK,0.0,0.0,0.0,0.0,0.0
TVTSLDLLVPR,0.0,0.0,0.0,0.0,0.0
TVYGLGGSK,0.0,0.0,0.0,0.0,0.0
VLNEVTEFAK,0.0,0.0,0.0,0.0,0.0
VLYQYTNSNTLNNDLMLLK,0.0,0.0,0.0,0.0,0.0
VMAESWYQTK,0.0,0.0,0.0,326280.0,0.0
VNDEATLLDLLTK,0.0,0.0,0.0,0.0,0.0
VNDMNVNVEMNAAPRDLTQLLDNMR,0.0,0.0,0.0,0.0,0.0
VNDMNVNVEMNAAPRDLTQLLNNMR,0.0,0.0,0.0,0.0,0.0
VPCLLQEQGTK,0.0,0.0,0.0,0.0,0.0
VSTASHMCNLK,0.0,0.0,0.0,0.0,0.0
VTVASLPWAASAGTQGCLLSGWGNTK,0.0,0.0,0.0,0.0,0.0
WALSLPTSWCSSLQQLSGWGNTK,0.0,0.0,0.0,0.0,0.0
WEEMQYETLKEELMALGLK,0.0,0.0,0.0,0.0,0.0
WLLNDLEEALQQAK,0.0,0.0,0.0,0.0,0.0
WSVDERNLLEGGEEDFESSGAGK,0.0,0.0,0.0,30217000.0,0.0
WVTCRGLYQSKYEELQLTAGR,0.0,0.0,0.0,0.0,0.0
WWMLFVKKTRDMLTHVAKFLLMLDNNLTNSNYSPVYR,0.0,0.0,0.0,260580000.0,0.0
YDALRRCWWTHLSDTSVVLSMDNNR,0.0,0.0,0.0,0.0,0.0
YEELELQTR,0.0,0.0,0.0,0.0,0.0
YFYDAK,0.0,0.0,0.0,55353.0,0.0
YGNSQAHSLQSDDLKDQLVDLTVGGGNK,0.0,0.0,0.0,0.0,0.0
YGTGPQLTSNMFGCAGYLEGGK,0.0,0.0,0.0,0.0,0.0
YNTLDPPKNYLVDLTVGNNKTLLDLDENK,0.0,0.0,0.0,0.0,0.0
YSGKEGVGGEGNPPDR,0.0,0.0,0.0,0.0,0.0
AAALAVLAPAAAALVAGPK,0.0,0.0,0.0,4545300.0,0.0
AAMLVNQLSK,0.0,0.0,0.0,0.0,0.0
AEGPVVMWWYQPNLLSGWGNTK,0.0,0.0,0.0,0.0,0.0
AFNGASFLDKVR,0.0,0.0,0.0,0.0,0.0
AWHMRNNHGSDHNDLNVVEWTAGYLENK,0.0,0.0,0.0,0.0,0.0
DGPQLQFASNLEAQLTDVR,0.0,0.0,0.0,0.0,0.0
DLELEVEAVR,0.0,0.0,0.0,0.0,0.0
DVLSATPQLEFLGGK,0.0,0.0,0.0,0.0,0.0
DYQELMDTK,0.0,0.0,0.0,112190.0,0.0
EAGTSYPDVLK,0.0,0.0,0.0,0.0,0.0
EAVHPHLNTNSLNNDLTLLK,0.0,0.0,0.0,0.0,0.0
EEATGQFASFLDK,0.0,0.0,0.0,0.0,0.0
EGTENEFVTLKK,0.0,0.0,0.0,0.0,0.0
EKLSLPTSMMNEVDLLEGWGNTK,0.0,0.0,0.0,0.0,0.0
ELAKCELELQSQLSMK,0.0,0.0,0.0,0.0,0.0
ELEDTNLELLEGGAGEDFESSAGGK,0.0,0.0,0.0,0.0,0.0
ELKRHGELELVEDLSK,0.0,0.0,0.0,0.0,0.0
ELKSVFVERNVEDLSK,0.0,0.0,0.0,0.0,0.0
ELPYFESFLNQVR,0.0,0.0,0.0,0.0,0.0
ENVDYVSWLK,0.0,0.0,0.0,0.0,0.0
EVPAVELVK,0.0,0.0,0.0,0.0,0.0
EVSLDPWQEK,0.0,0.0,0.0,0.0,0.0
EWFGYCENRHGFSASSLGGGFGNSR,0.0,0.0,0.0,0.0,0.0
FEWLSFK,0.0,0.0,0.0,0.0,0.0
FPSVSLQEANEPQR,0.0,0.0,0.0,0.0,0.0
GHGTLEPYFETFLDNLR,0.0,0.0,0.0,0.0,0.0
GPYESGSGHSSLHNR,0.0,0.0,0.0,0.0,0.0
HASNLEPYFESFRLAVGNR,0.0,0.0,0.0,0.0,0.0
HESEHEYEYDELLVR,0.0,0.0,0.0,0.0,0.0
IDSMEEDKKAVELEIQRILK,0.0,0.0,0.0,0.0,0.0
LAEEQLQQLR,0.0,0.0,0.0,490840.0,0.0
LALDLELLTYR,0.0,0.0,0.0,0.0,0.0
LALELELTYAR,0.0,0.0,0.0,0.0,0.0
LDLTLDSLR,0.0,0.0,0.0,0.0,0.0
LEKSTETLDNNLEQLSSYKSELTELR,0.0,0.0,0.0,0.0,0.0
LELSELVGR,0.0,0.0,0.0,0.0,0.0
LGGDKGNNVVEGNEKPYSATR,0.0,0.0,0.0,0.0,0.0
LKYENELLAR,0.0,0.0,0.0,0.0,0.0
LLNEMRDQYEK,0.0,0.0,0.0,0.0,0.0
LLNERMDQYEQMAEK,0.0,0.0,0.0,0.0,0.0
LLSEVDGDGDWLSFQEFLTAAR,0.0,0.0,0.0,0.0,0.0
LPAGLDYHGHCEYAGYLEGGK,0.0,0.0,0.0,0.0,0.0
LPALSDTDGDAHTMAGYLEGGK,0.0,0.0,0.0,0.0,0.0
LQQMLQEQLSNLEAQLTDVR,0.0,0.0,0.0,0.0,0.0
LRLGMCGMTWSAGTQGCLLSGWGNTK,0.0,0.0,0.0,0.0,0.0
LSGNFSSGGFSANYSR,0.0,0.0,0.0,0.0,0.0
LSSVVTANGGGFGAAGGFNR,0.0,0.0,0.0,0.0,0.0
LSTQNNNSFGYSYGGGSGGGFSASSLGGGFGSNR,0.0,0.0,0.0,0.0,0.0
LSVDPMNVVENGEQFLSASK,0.0,0.0,0.0,0.0,0.0
MLEWTSLQNMR,0.0,0.0,0.0,0.0,0.0
MTLDEFR,0.0,0.0,0.0,0.0,0.0
NGCHDDFSWLK,0.0,0.0,0.0,0.0,0.0
NGGGGGLGSVQSR,0.0,0.0,0.0,14325000.0,0.0
NNENKYETQLTQLEHGEVSSSQWVAGMNK,0.0,0.0,0.0,0.0,0.0
NVDNEEGFFSAR,0.0,0.0,0.0,0.0,0.0
PLHSPLFQGYLDKVTR,0.0,0.0,0.0,0.0,0.0
QFDWVEGAFSASK,0.0,0.0,0.0,0.0,0.0
QLGLVSSCCFAEQK,0.0,0.0,0.0,642570.0,0.0
QLSPLQKSFDQWEELKSNLQQSLSDAEQR,0.0,0.0,0.0,0.0,0.0
QPVDADLSAHK,0.0,0.0,0.0,0.0,0.0
QQALLMGQVDTSTR,0.0,0.0,0.0,0.0,0.0
QQLQNDLNQWK,0.0,0.0,0.0,0.0,0.0
RGHDPYSVVLLLR,0.0,0.0,0.0,0.0,0.0
RHGAGDGTLNLR,0.0,0.0,0.0,0.0,0.0
SADVNVFNTLLTTR,0.0,0.0,0.0,0.0,0.0
SLDEMQYETLQEELMAKLK,0.0,0.0,0.0,0.0,0.0
SLGVGQSLNNQFASFLDK,0.0,0.0,0.0,2412800.0,0.0
SMFVLLLPSHSK,0.0,0.0,0.0,0.0,0.0
SPGANAFLEELQSQLSMK,0.0,0.0,0.0,0.0,0.0
SPPGVVAALR,0.0,0.0,0.0,0.0,0.0
SPYYNTLFVPQDQLVDLTVGNNK,0.0,0.0,0.0,0.0,0.0
TAFYDKEVALR,0.0,0.0,0.0,69112.0,0.0
TEKDRFTLHCGEELAYLGK,0.0,0.0,0.0,0.0,0.0
TFGVSLPR,0.0,0.0,0.0,0.0,0.0
TGVTALWGK,0.0,0.0,0.0,0.0,0.0
THLNLVVLGHVDSGK,0.0,0.0,0.0,0.0,0.0
THNLEPYFESFLNLQR,0.0,0.0,0.0,0.0,0.0
TPELLQRADGEMK,0.0,0.0,0.0,0.0,0.0
TVMFVLLPSHSK,0.0,0.0,0.0,0.0,0.0
VCGGYVGCLLK,0.0,0.0,0.0,0.0,0.0
VDDDLQGWNQVDTTDNANLLLQLDNAR,0.0,0.0,0.0,5912800.0,0.0
VDGTSYDPVLK,0.0,0.0,0.0,0.0,0.0
VGDGGGYVSEGLK,0.0,0.0,0.0,0.0,0.0
VHLASLLNYQDDAELATR,0.0,0.0,0.0,0.0,0.0
VLDELKNAK,0.0,0.0,0.0,0.0,0.0
VPDFVATDMPARSTKANAR,0.0,0.0,0.0,0.0,0.0
VPNASSKVDHAYKDEDFESSGAGK,0.0,0.0,0.0,0.0,0.0
VSENDNEEGFFSAR,0.0,0.0,0.0,0.0,0.0
VSLVDNHFAPDELTVK,0.0,0.0,0.0,0.0,0.0
VSTDTNVLLSMDNSR,0.0,0.0,0.0,0.0,0.0
VTYGLGKGSR,0.0,0.0,0.0,3934500.0,0.0
VVAVEDFADVLVKPHDPATVDEVLR,0.0,0.0,0.0,0.0,0.0
WEAMVCHMETLQEELPGLKK,0.0,0.0,0.0,0.0,0.0
WGGSLYHSDALR,0.0,0.0,0.0,0.0,0.0
WGLDVEETLYLVDLTVGNGGGK,0.0,0.0,0.0,0.0,0.0
WKTDAELSKLHQSVTDTNVLLSMDNDK,0.0,0.0,0.0,0.0,0.0
WLHHTFYNELR,0.0,0.0,0.0,0.0,0.0
WNNNLNVVEGNVVNMPYSK,0.0,0.0,0.0,4529700.0,0.0
WNTNLLENQEDFESSGAGK,0.0,0.0,0.0,0.0,0.0
WQVELPQQNNPPAFASFLSR,0.0,0.0,0.0,0.0,0.0
WRPDELQSNTLNNDLMLLK,0.0,0.0,0.0,0.0,0.0
WSLQESWYQTKYEELQVTAGR,0.0,0.0,0.0,1505700.0,0.0
WWFGYSYGGGSGGGFSASSLGGGFGNSR,0.0,0.0,0.0,0.0,0.0
WYSNHHHEQMTLNNDLMLLK,0.0,0.0,0.0,0.0,0.0
YDAELVAHNVLVNTCLYVSSLLSMDNSR,0.0,0.0,0.0,0.0,0.0
YEEFATTKGR,0.0,0.0,0.0,0.0,0.0
YGTAPLNTSNMYTYNNHGTLFGAGYLENK,0.0,0.0,0.0,6680500.0,0.0
YSLTYLYTASVK,0.0,0.0,0.0,0.0,0.0
YSYYSYSASSLGGGFGGGSR,0.0,0.0,0.0,0.0,0.0
YTMALQLFSQGGLSSVK,0.0,0.0,0.0,0.0,0.0
YTNLEPYFESFLNRAR,0.0,0.0,0.0,0.0,0.0
AAALGLLAPAAAALVAGPK,0.0,0.0,0.0,0.0,0.0
ALPDDLLVK,0.0,0.0,0.0,0.0,0.0
ALYDHFGYDSNTLKYALYVR,0.0,0.0,0.0,0.0,0.0
CPGLSLYEEQWYQLLSGWGNTK,0.0,0.0,0.0,0.0,0.0
CTQDLVEDFK,0.0,0.0,0.0,0.0,0.0
DELDDLLNYLEMLLHPRR,0.0,0.0,0.0,0.0,0.0
DHMKVLPDVESGVWFLSASK,0.0,0.0,0.0,0.0,0.0
DPGALSETNVLLSMDNNR,0.0,0.0,0.0,0.0,0.0
DPTLTDELNFLR,0.0,0.0,0.0,0.0,0.0
EAAKADSLLAEVK,0.0,0.0,0.0,0.0,0.0
EATHTFASFLDK,0.0,0.0,0.0,0.0,0.0
EDNLNVVEGNEQFLSASK,0.0,0.0,0.0,6397500.0,0.0
EESGYGGSGSSGGYGGLGGFGGGSFR,0.0,0.0,0.0,0.0,0.0
EKLSLPTSGCASAGTKTPPSGWGNTK,0.0,0.0,0.0,0.0,0.0
ELETYHNLLEGNAEDFESSGAGK,0.0,0.0,0.0,0.0,0.0
ELGPVYGTGQPDPVQVSGELK,0.0,0.0,0.0,0.0,0.0
ELKDVLYLELELEGVMR,0.0,0.0,0.0,0.0,0.0
ELPYFESFLLNNR,0.0,0.0,0.0,0.0,0.0
ELRMVRNHYMQSNLEAQLTDVR,0.0,0.0,0.0,3672500.0,0.0
ESLGSEVLLSDTSGDKFR,0.0,0.0,0.0,2120600.0,0.0
FAFTLEFR,0.0,0.0,0.0,0.0,0.0
FAFWYSSVVDVFTK,0.0,0.0,0.0,1715800.0,0.0
FPSFLDVKR,0.0,0.0,0.0,0.0,0.0
FVDWLK,0.0,0.0,0.0,0.0,0.0
GTTADGYSADLPLPLPLR,0.0,0.0,0.0,0.0,0.0
HGGLLEGGQEDFESSGAGK,0.0,0.0,0.0,508590.0,0.0
KGLDAVEDLESVGK,0.0,0.0,0.0,136860000.0,0.0
KTYEHELLAR,0.0,0.0,0.0,0.0,0.0
LAGALEAALQQAK,0.0,0.0,0.0,0.0,0.0
LECLYQDEKEQLSNLEAQLTDVR,0.0,0.0,0.0,0.0,0.0
LEEEKELELEGGQEDFESSGAGK,0.0,0.0,0.0,10739000.0,0.0
LKFEMELQNR,0.0,0.0,0.0,0.0,0.0
LLTVTADNANLLLQLDNAR,0.0,0.0,0.0,0.0,0.0
LNDSLLQATEQR,0.0,0.0,0.0,0.0,0.0
LQSLTPLNLQLDPALQR,0.0,0.0,0.0,0.0,0.0
LQWDYDK,0.0,0.0,0.0,1437100.0,0.0
LSAYLDKVQALEEADNDLENK,0.0,0.0,0.0,0.0,0.0
LSFNPSWWWTLNNDLLVPK,0.0,0.0,0.0,0.0,0.0
LSLSTSGYQR,0.0,0.0,0.0,0.0,0.0
LTTLNSLNLPLLK,0.0,0.0,0.0,0.0,0.0
LWRPLTQDWHMWGAMQYETLQEELMALKK,0.0,0.0,0.0,3767000.0,0.0
LYFLTELTNVQTHLSDTNVLLSMDMPR,0.0,0.0,0.0,11408000.0,0.0
LYQAELSKMENNLSETNVLLSMDNNR,0.0,0.0,0.0,0.0,0.0
NNWTEKQLLEGGQEDFESSGAGK,0.0,0.0,0.0,0.0,0.0
NPDDPDTVDVLMHMLDR,0.0,0.0,0.0,0.0,0.0
NSLGGGFSSGGFSGYQSR,0.0,0.0,0.0,13902000.0,0.0
QLTVNDLVPGR,0.0,0.0,0.0,383700.0,0.0
QPMDEDGTFK,0.0,0.0,0.0,194760.0,0.0
QPVGDQAALTDAEQR,0.0,0.0,0.0,0.0,0.0
QSMEELTNANSGDVNVELNVAPGK,0.0,0.0,0.0,0.0,0.0
QSNTSELNNMQDLVEDYK,0.0,0.0,0.0,25379000.0,0.0
QVDLSELLAEVK,0.0,0.0,0.0,0.0,0.0
QVGGDGGEEGFFSAR,0.0,0.0,0.0,0.0,0.0
QYRPESWYQTKYEELQQTAGR,0.0,0.0,0.0,326280.0,0.0
RNFVWDFSSGGFSGGSFSR,0.0,0.0,0.0,3060400.0,0.0
SAVHGTLESLLLGLLK,0.0,0.0,0.0,0.0,0.0
SDLEMQYETLQEQNFALK,0.0,0.0,0.0,0.0,0.0
SDLEQMYETLQEELMALK,0.0,0.0,0.0,0.0,0.0
SGNAENEFVTLKK,0.0,0.0,0.0,0.0,0.0
SLGGHADPVVKALEEANNDLENK,0.0,0.0,0.0,0.0,0.0
SLNLEFASFLDK,0.0,0.0,0.0,17014000.0,0.0
SNGYSGGGFSASSLGGGFNSGR,0.0,0.0,0.0,0.0,0.0
SNLGGGFSSGGFSGGSFSR,0.0,0.0,0.0,0.0,0.0
SPGPEPLFEQYLNQVR,0.0,0.0,0.0,0.0,0.0
SPPCSTNAPALLEDAANDFESSGAGK,0.0,0.0,0.0,0.0,0.0
SPYYNTYRHKGWLVDLTVGNNK,0.0,0.0,0.0,0.0,0.0
SSGGFSGGSFSR,0.0,0.0,0.0,64777.0,0.0
SWNGGGFNSSFTDGSGFSGGGFGGGGFGNR,0.0,0.0,0.0,0.0,0.0
TGLENSLEETK,0.0,0.0,0.0,0.0,0.0
THYDAELSLKHKSVTDTNVLLSMDNDK,0.0,0.0,0.0,6640500.0,0.0
TLNDTLQEYWAWLAK,0.0,0.0,0.0,0.0,0.0
TNAEAESLYKSNKYEELQLTAGR,0.0,0.0,0.0,0.0,0.0
TPATSDQFVTLKK,0.0,0.0,0.0,0.0,0.0
TSNRFQLSELNR,0.0,0.0,0.0,0.0,0.0
TSQNESLNNMQDLVEDYKK,0.0,0.0,0.0,0.0,0.0
TVAESEFNGSKYEELQLTAGR,0.0,0.0,0.0,0.0,0.0
TVGLTVERGCASAGTQCGLLSGWGNTK,0.0,0.0,0.0,0.0,0.0
TVGPESVDTATAGELSFQEFLTAAR,0.0,0.0,0.0,0.0,0.0
TVGSEAEALYHSK,0.0,0.0,0.0,0.0,0.0
TVVHPSYNTWGLNNDLMLLK,0.0,0.0,0.0,0.0,0.0
VAAAALLAPAAAAIVAGPK,0.0,0.0,0.0,260040.0,0.0
VAAGLVSWGSGGCAGAK,0.0,0.0,0.0,0.0,0.0
VAGTDEDTLLELLTGR,0.0,0.0,0.0,0.0,0.0
VDATPLDLSLDFK,0.0,0.0,0.0,0.0,0.0
VPLPCVVLFETDRNK,0.0,0.0,0.0,0.0,0.0
VQEDGGLNVVEGQDQFLSASK,0.0,0.0,0.0,0.0,0.0
VSPAPGLFVVDPLLQLDNAR,0.0,0.0,0.0,0.0,0.0
VTDLDSLLNQVK,0.0,0.0,0.0,0.0,0.0
VTVNLGPAFSLSLSVAR,0.0,0.0,0.0,0.0,0.0
WEFGYSQQWQWSASSLGGGFGDNK,0.0,0.0,0.0,0.0,0.0
WKQFQYETLQEELMALKK,0.0,0.0,0.0,0.0,0.0
WRDMPRNSNTLNDDLMLLK,0.0,0.0,0.0,0.0,0.0
WRNMPVNENTLNNDLMLLK,0.0,0.0,0.0,0.0,0.0
YEELQLTVGR,0.0,0.0,0.0,0.0,0.0
YEYNLLTFRRMEMQYETLQEELMALKK,0.0,0.0,0.0,2179200.0,0.0
YGGDASLGPETRQLSLFGAAMNK,0.0,0.0,0.0,0.0,0.0
YNSQMQAHRDDLKDQLVDLTVGNNK,0.0,0.0,0.0,0.0,0.0
YPKQENRANLNFVPELLQQVDTSEK,0.0,0.0,0.0,0.0,0.0
ADVNDNEEGFFTGR,0.0,0.0,0.0,0.0,0.0
AHALSVFYKLTNSNYSPYVR,0.0,0.0,0.0,0.0,0.0
APDVATLANAFVAR,0.0,0.0,0.0,0.0,0.0
APSTYGGGLVSSSR,0.0,0.0,0.0,0.0,0.0
ASPVATLKDAAGPLLQLDANR,0.0,0.0,0.0,0.0,0.0
ATAANQFASFLDVK,0.0,0.0,0.0,1631200.0,0.0
CLGNGNSFFEGFSGGGFGGGGFGNR,0.0,0.0,0.0,0.0,0.0
DGDMYVSADLGK,0.0,0.0,0.0,0.0,0.0
DLEPNLNVVEGNEQFLSASGK,0.0,0.0,0.0,0.0,0.0
DPDNPSEVDVLMHMLDR,0.0,0.0,0.0,1255300.0,0.0
DTVEEGKVGYSYGGGSGGGFSASSLGGGFGSGGR,0.0,0.0,0.0,0.0,0.0
DTVLLDGDGDGELSFQEFLTAAR,0.0,0.0,0.0,0.0,0.0
EAAQDTEEDYR,0.0,0.0,0.0,0.0,0.0
EEDCQLTWLSGDVNVELNVAPGK,0.0,0.0,0.0,519140.0,0.0
EEEGRKSFGYSYGGGSGGGFSASSLGGGFGGGSR,0.0,0.0,0.0,0.0,0.0
EGFTNDLPVLK,0.0,0.0,0.0,0.0,0.0
EKQLQPLNVELDPELQK,0.0,0.0,0.0,0.0,0.0
ELTTELNDDLEQLSSYK,0.0,0.0,0.0,0.0,0.0
EPEAWFNEK,0.0,0.0,0.0,0.0,0.0
EPLKPLNVELDPELQK,0.0,0.0,0.0,8391400.0,0.0
ESHRLPVDLAYK,0.0,0.0,0.0,0.0,0.0
ESVPDVLMHMLDR,0.0,0.0,0.0,507550.0,0.0
EYDMMSWLK,0.0,0.0,0.0,0.0,0.0
EYEGSYLKGR,0.0,0.0,0.0,1198300.0,0.0
EYYVFMTRRKWWEYETLQEELMALKK,0.0,0.0,0.0,0.0,0.0
GPCNYVSWLK,0.0,0.0,0.0,0.0,0.0
GPQLTGYTSNMFGCAGYLEGGK,0.0,0.0,0.0,0.0,0.0
GTALSVTVLVNLEGLMVR,0.0,0.0,0.0,0.0,0.0
HFALALSEYNK,0.0,0.0,0.0,0.0,0.0
HGNLEPYFESFLNNLR,0.0,0.0,0.0,18894000.0,0.0
HNLLENQEDFESSQGK,0.0,0.0,0.0,0.0,0.0
HPRKERGKGSLAGSALGSK,0.0,0.0,0.0,0.0,0.0
KNLAEELEALQK,0.0,0.0,0.0,1436900.0,0.0
KVEPLSLTMMK,0.0,0.0,0.0,0.0,0.0
LAGSLTLPLGGQLDPALQR,0.0,0.0,0.0,2038800.0,0.0
LALDVELSFKTR,0.0,0.0,0.0,0.0,0.0
LDAEMQLESLTEELAYLK,0.0,0.0,0.0,0.0,0.0
LEESWQNLLEGGQEDFESSQGK,0.0,0.0,0.0,0.0,0.0
LEGQMELESLTEELAYLKR,0.0,0.0,0.0,0.0,0.0
LGAGLVSADGCMCAAGGK,0.0,0.0,0.0,286100.0,0.0
LPLSDMNLYDHELVFGVSLK,0.0,0.0,0.0,0.0,0.0
LPLYEAMK,0.0,0.0,0.0,0.0,0.0
LPSLSMCNFTQFMFLLSGWGNTK,0.0,0.0,0.0,0.0,0.0
LPSVFLLGK,0.0,0.0,0.0,2202900.0,0.0
LSSSKGSLNGFSSGGFSGGSFSR,0.0,0.0,0.0,0.0,0.0
LSVAGGGGGFGAAGGFNR,0.0,0.0,0.0,1419500.0,0.0
LTNSTALELELQSQLSMK,0.0,0.0,0.0,2613600.0,0.0
LTNSTNLELELQSQLSMK,0.0,0.0,0.0,0.0,0.0
LTTDNANLLLQLDANR,0.0,0.0,0.0,0.0,0.0
LTTLEVEWLYEVHR,0.0,0.0,0.0,0.0,0.0
NATLLELR,0.0,0.0,0.0,5662400.0,0.0
NLSLSLPTSNDCMCNALLSGWGNTK,0.0,0.0,0.0,0.0,0.0
NNGDAFGGSSGGYGGLGGFGGGSFR,0.0,0.0,0.0,0.0,0.0
NPFGGGSSFGNSGFSGGGFGGGGFGNR,0.0,0.0,0.0,0.0,0.0
NSGFSASSLGGGFGGGSR,0.0,0.0,0.0,1788700.0,0.0
NSGSSSYLSR,0.0,0.0,0.0,0.0,0.0
QDTLTDELNFLR,0.0,0.0,0.0,0.0,0.0
QDVTEWFFTKTEELNR,0.0,0.0,0.0,0.0,0.0
QGKVMSLLDDHVK,0.0,0.0,0.0,48979000.0,0.0
QGVDADSVPPR,0.0,0.0,0.0,0.0,0.0
QKAQADLEEALQQAK,0.0,0.0,0.0,0.0,0.0
QLSPFKQSLSDEAQR,0.0,0.0,0.0,0.0,0.0
QSETDMDLLSGWGNTK,0.0,0.0,0.0,7815000.0,0.0
QSLLTPLNLQLDEPAKR,0.0,0.0,0.0,0.0,0.0
QSLNDLMLLGGK,0.0,0.0,0.0,0.0,0.0
QSVEADLNGLR,0.0,0.0,0.0,71099.0,0.0
QVAHPQEVLNENLLR,0.0,0.0,0.0,29843000.0,0.0
QVDLEEALQVNK,0.0,0.0,0.0,0.0,0.0
QYNSSGSAAVLNYQR,0.0,0.0,0.0,0.0,0.0
SAGFRELELELQSQLSK,0.0,0.0,0.0,0.0,0.0
SGFSSLSVSR,0.0,0.0,0.0,496260.0,0.0
SGGGGSYGGGGSGGGYGGNSSR,0.0,0.0,0.0,93344000.0,0.0
SLGVHSPYKFKTGGSGMLTYEGGK,0.0,0.0,0.0,0.0,0.0
SPPSGGLQQSLSDAEQR,0.0,0.0,0.0,0.0,0.0
SPPTTELDNNLEQMRYK,0.0,0.0,0.0,0.0,0.0
SPTSYPDVLK,0.0,0.0,0.0,0.0,0.0
SSNPDDSNVLK,0.0,0.0,0.0,0.0,0.0
TDLEMQLEGLKEAKNFATLR,0.0,0.0,0.0,0.0,0.0
TGYPLAGGTSNMFKMTWRGCNSNAGYLENK,0.0,0.0,0.0,0.0,0.0
TKGDLTTELDNNLEQLSSYK,0.0,0.0,0.0,0.0,0.0
TLLDLDDTR,0.0,0.0,0.0,0.0,0.0
TPALGMMSLCLEEAQLLSGWGNTGK,0.0,0.0,0.0,0.0,0.0
TPLVGQPSLPGGVPR,0.0,0.0,0.0,0.0,0.0
TVDLDSLLAEVGGK,0.0,0.0,0.0,0.0,0.0
TVVHPSYDSDVLNDDLMLLK,0.0,0.0,0.0,0.0,0.0
VAGVGFGSGGGSSTTAK,0.0,0.0,0.0,0.0,0.0
VDDAAYMPDEELEAK,0.0,0.0,0.0,0.0,0.0
VEASNSELVQSSR,0.0,0.0,0.0,12785000.0,0.0
VEGRHFGLVEGLMTTVHALTATQK,0.0,0.0,0.0,0.0,0.0
VLGCEQLSNLEAQLTDVR,0.0,0.0,0.0,0.0,0.0
VNAVNLGAAHASLSLSVAR,0.0,0.0,0.0,0.0,0.0
VSVSVSTSHTTLSGSNR,0.0,0.0,0.0,74552.0,0.0
VTGANEATDDQYESLLLSLK,0.0,0.0,0.0,0.0,0.0
VTGLSLGCSNGMLHEPNLSGWGNTK,0.0,0.0,0.0,0.0,0.0
VYYEPLLSDGMCYYYRMMPRAGYLENK,0.0,0.0,0.0,0.0,0.0
WAFQNLELELQSQLSMK,0.0,0.0,0.0,4787200.0,0.0
WANPPNEDETLAADELMALK,0.0,0.0,0.0,0.0,0.0
WEFGYSGWYWFSASSLGGGFGNDK,0.0,0.0,0.0,0.0,0.0
WEFGYSYGGGSGGGFSASSLGGGFGGGDK,0.0,0.0,0.0,0.0,0.0
WHLHTFYNELR,0.0,0.0,0.0,0.0,0.0
WLGGSEEDLDALEHMFR,0.0,0.0,0.0,0.0,0.0
WLNSEEDLDALEHMFR,0.0,0.0,0.0,0.0,0.0
WPLSLPQDEWMCFLLSGWGNTK,0.0,0.0,0.0,0.0,0.0
YEELQLTAVR,0.0,0.0,0.0,0.0,0.0
YEQEMQYETLKERCHLK,0.0,0.0,0.0,0.0,0.0
YFCAGYLEGGK,0.0,0.0,0.0,0.0,0.0
YGEESGSNSSGGYGGLGGFGGGSFR,0.0,0.0,0.0,0.0,0.0
YGTAVNDPETGNLLSLFKANCR,0.0,0.0,0.0,0.0,0.0
YNSNTLNNDLMLLK,0.0,0.0,0.0,0.0,0.0
ACDMEQQNTEYQLLLDVK,0.0,0.0,0.0,0.0,0.0
AERWLQLWAGYQFASFLDKVR,0.0,0.0,0.0,0.0,0.0
ATLSGHLLSLEPR,0.0,0.0,0.0,0.0,0.0
DLSDLLAEVK,0.0,0.0,0.0,0.0,0.0
DNKNQYETQLTQLEHGEVSSSWQVQMNK,0.0,0.0,0.0,0.0,0.0
DPLWELESAFTEELAYLKK,0.0,0.0,0.0,0.0,0.0
DVTEMQYETLEEELMALK,0.0,0.0,0.0,0.0,0.0
EATMELMGGTK,0.0,0.0,0.0,0.0,0.0
EDFVFKPLVEEPQNLLK,0.0,0.0,0.0,0.0,0.0
ELGVGLALR,0.0,0.0,0.0,32294000.0,0.0
ESTLHLVLR,0.0,0.0,0.0,1749200.0,0.0
ETEKPPATAEYAEELAYLKGK,0.0,0.0,0.0,0.0,0.0
EVDSLLAEVK,0.0,0.0,0.0,0.0,0.0
EVPTEMMVNLEQLSSYK,0.0,0.0,0.0,0.0,0.0
EVSDLSLLAEVGGK,0.0,0.0,0.0,0.0,0.0
EWLLEQVDPGYK,0.0,0.0,0.0,0.0,0.0
FALGPAYLK,0.0,0.0,0.0,0.0,0.0
FSNGKLGSSSSSGGFSGGSFSR,0.0,0.0,0.0,184400000.0,0.0
FSTNELLLR,0.0,0.0,0.0,0.0,0.0
GKPACFLEYMPEAGYLEGGK,0.0,0.0,0.0,0.0,0.0
GPNLTQLEDALQQAKEDLAR,0.0,0.0,0.0,0.0,0.0
GSSSELQLTAGR,0.0,0.0,0.0,0.0,0.0
HCGMMQLAQLQEPVGADEEQLNLLK,0.0,0.0,0.0,0.0,0.0
HGSSSSGSSSYGQHGSSGR,0.0,0.0,0.0,5512300.0,0.0
KAGPNLQATHSLSLSVAR,0.0,0.0,0.0,3311500.0,0.0
KGDLAVEDLESVGK,0.0,0.0,0.0,0.0,0.0
KSRDESLYQSKYEELQLTAGR,0.0,0.0,0.0,0.0,0.0
LALDVELAYTR,0.0,0.0,0.0,1154800.0,0.0
LASYDLKNLALEEANDDLENK,0.0,0.0,0.0,391170000.0,0.0
LASYLDQVKALEEADNDLENK,0.0,0.0,0.0,0.0,0.0
LASYLSAQVR,0.0,0.0,0.0,227100.0,0.0
LASYLWRKANEQADNDLENK,0.0,0.0,0.0,0.0,0.0
LDVPTLGPK,0.0,0.0,0.0,0.0,0.0
LEALQALELELKMAGPRK,0.0,0.0,0.0,0.0,0.0
LEAMELDNNLEKLACYKSELTELR,0.0,0.0,0.0,0.0,0.0
LEGEMQLENLKEELAYKLK,0.0,0.0,0.0,0.0,0.0
LFSEMLK,0.0,0.0,0.0,0.0,0.0
LGANEPLFEQYLDNLR,0.0,0.0,0.0,0.0,0.0
LGEYGFQNALVLR,0.0,0.0,0.0,0.0,0.0
LGVNYWLAHK,0.0,0.0,0.0,6057800.0,0.0
LPEDNLNVQGEVVNLLFCSK,0.0,0.0,0.0,0.0,0.0
LPEDNLNVVEQDGQFLSATK,0.0,0.0,0.0,0.0,0.0
LPGLDNVDMEK,0.0,0.0,0.0,0.0,0.0
LQEDGGLNVVEGNEQFLSASK,0.0,0.0,0.0,0.0,0.0
LQQAQLSALEEQLQQLR,0.0,0.0,0.0,0.0,0.0
LQWWRLNVVEGNEQFLSASK,0.0,0.0,0.0,9733100.0,0.0
LSLGGGSMMDSGGYGSR,0.0,0.0,0.0,2786900.0,0.0
LSVEADLRNGLR,0.0,0.0,0.0,0.0,0.0
MDQNMVEDYRLEYEDERRAK,0.0,0.0,0.0,0.0,0.0
MHDAGGGGDGLR,0.0,0.0,0.0,0.0,0.0
NKLEAVEDALQK,0.0,0.0,0.0,0.0,0.0
NMQDMVEDRYR,0.0,0.0,0.0,162220.0,0.0
NNENKYEWRQTLEHEVSSSGQEVGASSQK,0.0,0.0,0.0,0.0,0.0
NNNYGSGGSSYGSGNSYGSGGGGGGGR,0.0,0.0,0.0,0.0,0.0
NQLLNLFNGLNQQLLQLDNAR,0.0,0.0,0.0,0.0,0.0
NVGAAGLELELAGGTLALGK,0.0,0.0,0.0,0.0,0.0
NYSPYYDTLDDLKDKLVDLTVGPCR,0.0,0.0,0.0,16431000.0,0.0
PLNLEPLFQGYLDVKTR,0.0,0.0,0.0,0.0,0.0
QFASFLDK,0.0,0.0,0.0,548570.0,0.0
QLGLVSWGSGGCAQK,0.0,0.0,0.0,22351000.0,0.0
QLSETNVLLSMDMPR,0.0,0.0,0.0,0.0,0.0
QNDASKDALAEVLGGQLK,0.0,0.0,0.0,0.0,0.0
QQAMNLKQVDTSTR,0.0,0.0,0.0,0.0,0.0
QVELDSLLAEVK,0.0,0.0,0.0,0.0,0.0
SLDLDSLLESVK,0.0,0.0,0.0,1226800.0,0.0
SNPDNLNVVEENGQFLSASK,0.0,0.0,0.0,0.0,0.0
SSEYSLSSTLTLSK,0.0,0.0,0.0,0.0,0.0
TGLEGNLAETENR,0.0,0.0,0.0,265840.0,0.0
TGTSSYVNAVAGK,0.0,0.0,0.0,5477400.0,0.0
TLALNPEGLVDQVTSLGR,0.0,0.0,0.0,8395700.0,0.0
TLAQDYGVLK,0.0,0.0,0.0,0.0,0.0
TLAWRGMYQSKYEELQLTAGR,0.0,0.0,0.0,0.0,0.0
TLLEWEDK,0.0,0.0,0.0,0.0,0.0
TLPVFMEQNLR,0.0,0.0,0.0,0.0,0.0
TPALGMRYDLNMPDLLSGWGNTK,0.0,0.0,0.0,0.0,0.0
VDDGVFLSK,0.0,0.0,0.0,628480.0,0.0
VDPALEEQLQQLR,0.0,0.0,0.0,0.0,0.0
VEALELLATYR,0.0,0.0,0.0,0.0,0.0
VGLDELTLAR,0.0,0.0,0.0,0.0,0.0
VLLSMDNNR,0.0,0.0,0.0,0.0,0.0
VNQALELELKSKLEPK,0.0,0.0,0.0,0.0,0.0
VQVGEALVGDGNEVAHLDLLLGPR,0.0,0.0,0.0,2471100.0,0.0
VTAGLAAVVDVLR,0.0,0.0,0.0,0.0,0.0
VTSLSALR,0.0,0.0,0.0,317860.0,0.0
YFNFTR,0.0,0.0,0.0,0.0,0.0
YNSMEYNTLDDLGKDKLVDLTVGNNK,0.0,0.0,0.0,0.0,0.0
YNSPYYNVNDDLKDKLVDLTVGDNK,0.0,0.0,0.0,0.0,0.0
YSALLNEVKALEEANNDLENK,0.0,0.0,0.0,0.0,0.0
ALPLSDTMFYFWPFNGMYQFAGYLENK,0.0,0.0,0.0,0.0,0.0
APALNTLNPYFASFLDKVR,0.0,0.0,0.0,0.0,0.0
APDYVSWLK,0.0,0.0,0.0,0.0,0.0
APQATVLANFALGR,0.0,0.0,0.0,0.0,0.0
ATLAVSVFNGFGAAGGFNR,0.0,0.0,0.0,0.0,0.0
DFHPALNTSNMFYEMELMLNPAGYLENK,0.0,0.0,0.0,0.0,0.0
DGYELQLTQR,0.0,0.0,0.0,2013400.0,0.0
EEYVQEDAGLLFVGTSNR,0.0,0.0,0.0,0.0,0.0
ELAGANVLELVHGCNPPLLKSLEASLAETEGR,0.0,0.0,0.0,0.0,0.0
ELTLVMDNNLEQLSSYKKSHLEPHR,0.0,0.0,0.0,0.0,0.0
ESEYLQMLQEQLSNLEAQLTDVR,0.0,0.0,0.0,0.0,0.0
ETLQVLNTFHQYSVK,0.0,0.0,0.0,0.0,0.0
EWEGYSYHFYFSASSLGGGFGSQR,0.0,0.0,0.0,0.0,0.0
FCGVVYSVVLLLR,0.0,0.0,0.0,0.0,0.0
FDLLPSR,0.0,0.0,0.0,5872100.0,0.0
FFVAPFEPVFGK,0.0,0.0,0.0,0.0,0.0
FGNGGGSSFGGGSGFSGNFNGGFGNR,0.0,0.0,0.0,0.0,0.0
GHLLELLTEVTRR,0.0,0.0,0.0,0.0,0.0
GPAGLTNSMDFGFAAGYLEGGK,0.0,0.0,0.0,0.0,0.0
GPVDLSSFQLLNNMR,0.0,0.0,0.0,4405200.0,0.0
HATSSTDKLQSYQAELLELR,0.0,0.0,0.0,0.0,0.0
HGGGLEPYFESFLNNLR,0.0,0.0,0.0,0.0,0.0
HNLLEGGQEDFESSGAGKLGLNR,0.0,0.0,0.0,2109300.0,0.0
HPVEVAAEKAALVEDLSK,0.0,0.0,0.0,0.0,0.0
KFADLYGKFLPENLRHRR,0.0,0.0,0.0,0.0,0.0
KFLEMGVDNLR,0.0,0.0,0.0,0.0,0.0
KGLNPPLSVKLFEDLESVGK,0.0,0.0,0.0,0.0,0.0
KLGGDLEDALQQAK,0.0,0.0,0.0,2037400.0,0.0
LDNLEEALQQAKEDLAR,0.0,0.0,0.0,0.0,0.0
LDSLLEAVK,0.0,0.0,0.0,2221600.0,0.0
LEGPDKLETFGDEELAYLKK,0.0,0.0,0.0,0.0,0.0
LEGTTLPYVLESLTEELAYKLK,0.0,0.0,0.0,2698300.0,0.0
LELSELQR,0.0,0.0,0.0,0.0,0.0
LESEMQLESLNEELAYMK,0.0,0.0,0.0,0.0,0.0
LEVGGLALR,0.0,0.0,0.0,0.0,0.0
LGSSLTTELDDNLEQLSSYK,0.0,0.0,0.0,658360.0,0.0
LKSAPLDFR,0.0,0.0,0.0,0.0,0.0
LLELWGLENAKPLLQLDNAR,0.0,0.0,0.0,45060000.0,0.0
LLNLTTNDANLLLQLDNAR,0.0,0.0,0.0,0.0,0.0
LNDEGLNVVGNGNAVSFLSASK,0.0,0.0,0.0,0.0,0.0
LPALSDDHHCFYAGYLEGGK,0.0,0.0,0.0,0.0,0.0
LPEDNLNVVEGNEKFLSASR,0.0,0.0,0.0,0.0,0.0
LPGNLEPLFQGYLDKVTR,0.0,0.0,0.0,0.0,0.0
LPNGLKENLPLLADSLR,0.0,0.0,0.0,0.0,0.0
LPQQVEFEQYLDNLR,0.0,0.0,0.0,0.0,0.0
LPSNKVVLEPLFKGYLDCPKR,0.0,0.0,0.0,0.0,0.0
LPSVEEQLAQLR,0.0,0.0,0.0,0.0,0.0
LQQMYSQLQAQLSALEEQLQQLR,0.0,0.0,0.0,0.0,0.0
LSAELQGLLNDLQR,0.0,0.0,0.0,0.0,0.0
LSSVVGDVWFGAAGGFNR,0.0,0.0,0.0,0.0,0.0
LSVNLGGFTPLSLSVAR,0.0,0.0,0.0,0.0,0.0
LTPYLDK,0.0,0.0,0.0,0.0,0.0
MLSFLDK,0.0,0.0,0.0,0.0,0.0
NDKDQYETQLTQLEHEVSSSGQEVFEPK,0.0,0.0,0.0,0.0,0.0
NDLNVVEGNEQFLSASK,0.0,0.0,0.0,0.0,0.0
NNENKYEQTLQTLEHEVSSSGQEVGASSQK,0.0,0.0,0.0,0.0,0.0
NNKDGSVLDYELLDQDAR,0.0,0.0,0.0,0.0,0.0
NQFASFEVKVR,0.0,0.0,0.0,0.0,0.0
QCCNYVSWLK,0.0,0.0,0.0,0.0,0.0
QDETWFLSK,0.0,0.0,0.0,0.0,0.0
QLSDLQQSLSDAEQR,0.0,0.0,0.0,1667800.0,0.0
QMNYVSLVCK,0.0,0.0,0.0,48136000.0,0.0
QNLELPFEQYLNNLR,0.0,0.0,0.0,0.0,0.0
QPQGCEQNQEYSLLLSLK,0.0,0.0,0.0,0.0,0.0
QQVTELEDALQQAK,0.0,0.0,0.0,0.0,0.0
QSLLQPLNVELDPELQGK,0.0,0.0,0.0,0.0,0.0
QVPVEPLNVK,0.0,0.0,0.0,0.0,0.0
QVSLNSGYHFVQPQGFTFFHYGSNTYK,0.0,0.0,0.0,0.0,0.0
QVYVAPALVK,0.0,0.0,0.0,0.0,0.0
RGDMNVNVEMNAAPGVDLTQLLNNMR,0.0,0.0,0.0,0.0,0.0
SALNKTLMEPK,0.0,0.0,0.0,0.0,0.0
SGGLPALVR,0.0,0.0,0.0,0.0,0.0
SGGLPAVLR,0.0,0.0,0.0,531910.0,0.0
SLKMNLNFLELELEGVMR,0.0,0.0,0.0,0.0,0.0
SLVNLNSK,0.0,0.0,0.0,0.0,0.0
SPLDDFR,0.0,0.0,0.0,55712.0,0.0
SVGLLHNFLYEAYR,0.0,0.0,0.0,0.0,0.0
TAFYLAEFFVQDAR,0.0,0.0,0.0,0.0,0.0
TDALTDELNFLR,0.0,0.0,0.0,0.0,0.0
TDLEMGALEGLKEELAYLR,0.0,0.0,0.0,0.0,0.0
TESLELAYLKK,0.0,0.0,0.0,2082500.0,0.0
TFSMLEPYFESFLNNLR,0.0,0.0,0.0,0.0,0.0
TVDLETVLEAVK,0.0,0.0,0.0,0.0,0.0
TVEVELSLAEVK,0.0,0.0,0.0,0.0,0.0
VAALDLELATYGR,0.0,0.0,0.0,0.0,0.0
VDALLDEEVFLR,0.0,0.0,0.0,0.0,0.0
VEALELLTAYR,0.0,0.0,0.0,0.0,0.0
VFGFSLLTNK,0.0,0.0,0.0,0.0,0.0
VFLENVLR,0.0,0.0,0.0,0.0,0.0
VLFDLGR,0.0,0.0,0.0,4133200.0,0.0
VNDYLGTKLQALEEANNDLENK,0.0,0.0,0.0,0.0,0.0
VSVAVLLVK,0.0,0.0,0.0,7397500.0,0.0
VTGDLDSLLAEVGK,0.0,0.0,0.0,0.0,0.0
VTLEGEGSSGGNR,0.0,0.0,0.0,101600000.0,0.0
VTNESLLLSMDNNR,0.0,0.0,0.0,0.0,0.0
VTSAALGVMR,0.0,0.0,0.0,2337400.0,0.0
VTYNLGSGK,0.0,0.0,0.0,0.0,0.0
VVLAYEPVWALGTGK,0.0,0.0,0.0,0.0,0.0
WAYRGHSESLKEELAYLKK,0.0,0.0,0.0,0.0,0.0
WELLQKFVNFKMMTLEPLFQGYLDSKLR,0.0,0.0,0.0,0.0,0.0
WGDQAEYVVESTRFTTMEK,0.0,0.0,0.0,10988000.0,0.0
WKYFMVVENGEQFLSAEK,0.0,0.0,0.0,0.0,0.0
WLDNLNVVEGDEQFLSASK,0.0,0.0,0.0,0.0,0.0
WNEVLDVVEGNEQFLSASK,0.0,0.0,0.0,27460000.0,0.0
WVEQLKSNPKNYASFLDKVR,0.0,0.0,0.0,12525000.0,0.0
YAATDPGLSDLLFASFLDK,0.0,0.0,0.0,0.0,0.0
YASAPLNTSNMFLEQFTGMGWAAGYLENK,0.0,0.0,0.0,0.0,0.0
YATEGGGGGSFGAGFEER,0.0,0.0,0.0,0.0,0.0
YGTPALNTSNMFLVQEEYTEEAGYLENK,0.0,0.0,0.0,0.0,0.0
YNSMEYKSLDDLANDKLVDLTVGNNK,0.0,0.0,0.0,0.0,0.0
YVSWLK,0.0,0.0,0.0,15571000.0,0.0
AAAMRDLTQETLPPR,0.0,0.0,0.0,0.0,0.0
ADEFMDPFTKTEEQVR,0.0,0.0,0.0,0.0,0.0
AEGFGGANATHEYSLLLSLK,0.0,0.0,0.0,0.0,0.0
AEGHGTVPTDMASAGTQCLLSGWGNTK,0.0,0.0,0.0,0.0,0.0
AEQQRAQESNTLNNDLMLLK,0.0,0.0,0.0,2769900.0,0.0
AGVLSGNEK,0.0,0.0,0.0,0.0,0.0
APLANASLYPNFASFLDKVR,0.0,0.0,0.0,0.0,0.0
APLLVDNSDDGTTPEEGGK,0.0,0.0,0.0,0.0,0.0
CLHVNPSHEGLKEELAYLR,0.0,0.0,0.0,0.0,0.0
DPEAWFNEK,0.0,0.0,0.0,0.0,0.0
DPELLKQVDTMGR,0.0,0.0,0.0,834440.0,0.0
DPETYLLTSGVGSPYGPK,0.0,0.0,0.0,8698700.0,0.0
DPLNPPHKAEDKEELAYLR,0.0,0.0,0.0,0.0,0.0
DPVEKLTDAFADEELAYLKK,0.0,0.0,0.0,0.0,0.0
DQSNSDVKNMQDLVEDYKGK,0.0,0.0,0.0,0.0,0.0
ELPHLAYNSNTLNNDLMLLK,0.0,0.0,0.0,0.0,0.0
ELTTELNDNLEQLSSYK,0.0,0.0,0.0,0.0,0.0
EPAEADLNGLR,0.0,0.0,0.0,0.0,0.0
ESNQSTLNNMQDLVEDYK,0.0,0.0,0.0,0.0,0.0
ETKNLQQVDTSTR,0.0,0.0,0.0,0.0,0.0
EVMLFTLNDMR,0.0,0.0,0.0,0.0,0.0
FELYLSDALLHVLHAK,0.0,0.0,0.0,1688300.0,0.0
FGNGGGSSFGNSGFSGGGFNGGFGGGR,0.0,0.0,0.0,0.0,0.0
GHGTLEPYFEYALNNLR,0.0,0.0,0.0,0.0,0.0
HLNEEELGQLQTQASDTSVVLSMDMPR,0.0,0.0,0.0,0.0,0.0
KEDLDSLLAEVGK,0.0,0.0,0.0,0.0,0.0
KNFMLHFLMNTK,0.0,0.0,0.0,2453800.0,0.0
LDNWLNVVEGNEQFLEASK,0.0,0.0,0.0,30953000.0,0.0
LEMQYETLQEELMAKLK,0.0,0.0,0.0,0.0,0.0
LFQEQNQVLKDK,0.0,0.0,0.0,0.0,0.0
LLKHPELLTEVTR,0.0,0.0,0.0,0.0,0.0
LLLLANGGPQALVQLMR,0.0,0.0,0.0,0.0,0.0
LLNVGDLGNGETVKNK,0.0,0.0,0.0,0.0,0.0
LLSDVPTTMLLEAQAATGGLLDPHR,0.0,0.0,0.0,2311000.0,0.0
LLSGWGNTK,0.0,0.0,0.0,141000.0,0.0
LPAMEPLFEQYLNNLR,0.0,0.0,0.0,0.0,0.0
LPEDNLNLPWVVRADVEGQDQFLSASK,0.0,0.0,0.0,35953000.0,0.0
LPLDVEFTLSR,0.0,0.0,0.0,0.0,0.0
LPSYLNEVKALEEANNDLENK,0.0,0.0,0.0,9984200.0,0.0
LSDLFALGNFSSGGFSGGSFSR,0.0,0.0,0.0,1499300.0,0.0
LSENPFR,0.0,0.0,0.0,389980.0,0.0
LSLDSSGHQAHPR,0.0,0.0,0.0,9965000.0,0.0
LSSSKGSLGNFSSGGFSGGSFSR,0.0,0.0,0.0,0.0,0.0
LSVNLGSGKGSLSLSVAR,0.0,0.0,0.0,0.0,0.0
MSCDYVSWLK,0.0,0.0,0.0,371540.0,0.0
MSELLQQVDTSTR,0.0,0.0,0.0,0.0,0.0
MSQSAMPNVWWSTSHTTLDMVR,0.0,0.0,0.0,0.0,0.0
NATGGDVNVEMDAAPGVDLSR,0.0,0.0,0.0,0.0,0.0
NDAELENLLR,0.0,0.0,0.0,0.0,0.0
NGAVRALELELQSQLALK,0.0,0.0,0.0,0.0,0.0
NPELSETNVLLSMDMPR,0.0,0.0,0.0,0.0,0.0
NPFNGSSFGQFFSGGGFGGGGFGNR,0.0,0.0,0.0,0.0,0.0
NPGGGYGSGGSSYGSGGGSYGSGGGGGNR,0.0,0.0,0.0,0.0,0.0
QGGDMMQNALADAEQR,0.0,0.0,0.0,0.0,0.0
QGLVLELELQSQLSMK,0.0,0.0,0.0,0.0,0.0
QGPDEHETSNMFTAGYLEGGK,0.0,0.0,0.0,0.0,0.0
QLELQVNLVR,0.0,0.0,0.0,0.0,0.0
QLGLVEWGSGWCCK,0.0,0.0,0.0,0.0,0.0
QLGLVHHMGSGQSSGK,0.0,0.0,0.0,1748400.0,0.0
QLGLVSADGNDGAQK,0.0,0.0,0.0,1848300.0,0.0
QLGLVSWGSGPNGK,0.0,0.0,0.0,0.0,0.0
QLSLTENLTK,0.0,0.0,0.0,0.0,0.0
QNCYGFHWLNSLRMLEAQLTDVR,0.0,0.0,0.0,0.0,0.0
QNNLSFASFLEKVR,0.0,0.0,0.0,0.0,0.0
QNNLSFASFLGSNVVR,0.0,0.0,0.0,0.0,0.0
QSAENEFVTLGK,0.0,0.0,0.0,0.0,0.0
QSLEASLAETNNK,0.0,0.0,0.0,4761400.0,0.0
QSVEWRVQPTK,0.0,0.0,0.0,0.0,0.0
SALSGHLETVLLVALK,0.0,0.0,0.0,0.0,0.0
SPPKLELESLNR,0.0,0.0,0.0,0.0,0.0
TEMPDFR,0.0,0.0,0.0,0.0,0.0
TGNEVDLMLLK,0.0,0.0,0.0,0.0,0.0
THNELPYFESFLNNLR,0.0,0.0,0.0,0.0,0.0
THYEHETSNMFCAGYLEGGK,0.0,0.0,0.0,30205000.0,0.0
TNLGHQGHGSGSGQSPSSPR,0.0,0.0,0.0,0.0,0.0
TNLREWWGLVDLTVGNNK,0.0,0.0,0.0,0.0,0.0
TNSLLFYGR,0.0,0.0,0.0,0.0,0.0
TRNAENEFVTLK,0.0,0.0,0.0,0.0,0.0
TRVELDNVKK,0.0,0.0,0.0,0.0,0.0
TVGLSLPTSVMYYMLLSGWGNTK,0.0,0.0,0.0,78408000.0,0.0
TVSGAAESLYQSK,0.0,0.0,0.0,178060000.0,0.0
TYSLEDALQQAK,0.0,0.0,0.0,1790600.0,0.0
VAQLFPR,0.0,0.0,0.0,0.0,0.0
VDSSGYDNTR,0.0,0.0,0.0,621870.0,0.0
VMPLLNK,0.0,0.0,0.0,0.0,0.0
VSSGNYVSGELK,0.0,0.0,0.0,0.0,0.0
VTMQNLDNR,0.0,0.0,0.0,0.0,0.0
VVELTHMVDTSTR,0.0,0.0,0.0,0.0,0.0
VYVEELKTPPEGDLELLLQK,0.0,0.0,0.0,0.0,0.0
WATTWEWPELSFQEFLTAAR,0.0,0.0,0.0,0.0,0.0
WPLPEDVVEYPVPTMSASK,0.0,0.0,0.0,0.0,0.0
WRNNGRNSNTLNNDLMLLK,0.0,0.0,0.0,0.0,0.0
WRPMGRNSNTLNNDLMLLK,0.0,0.0,0.0,0.0,0.0
YAVQELELKQQSQLSKK,0.0,0.0,0.0,0.0,0.0
YAVQLKNELEQSQLTK,0.0,0.0,0.0,0.0,0.0
YEELQVREK,0.0,0.0,0.0,0.0,0.0
YGTAPLLSDTMFLSMWKGGCEEAGYLENK,0.0,0.0,0.0,0.0,0.0
YHNNLNVVEGNAWFLSASK,0.0,0.0,0.0,0.0,0.0
YMTHALTSNMFNDYLEGGK,0.0,0.0,0.0,4947800.0,0.0
YNSPYYSKLDDLQDQLVDLTVGNNK,0.0,0.0,0.0,0.0,0.0
YTLFLQEYLDALKK,0.0,0.0,0.0,0.0,0.0
YTLFLQEYLLSLNK,0.0,0.0,0.0,0.0,0.0
ALNSMGQDLERLEPLR,0.0,0.0,0.0,0.0,0.0
ANVPCGANVEMDAAPRDLSR,0.0,0.0,0.0,0.0,0.0
DDAEEWEYVTQAYQQLLDLK,0.0,0.0,0.0,0.0,0.0
DFHPALLSDTMFEYMKDWPNQGYLENK,0.0,0.0,0.0,0.0,0.0
DHFPWSYGNSGGGFSASSLGGGFGNSR,0.0,0.0,0.0,203030000.0,0.0
DVLLPKELEFLYVDLLNQELEFLK,0.0,0.0,0.0,3571200.0,0.0
EAGPALEQSLSDAEQR,0.0,0.0,0.0,0.0,0.0
EARCTGYEAEVK,0.0,0.0,0.0,0.0,0.0
EENGFYSHVHGYYSASSLGGGFGGSGR,0.0,0.0,0.0,0.0,0.0
EEWNGFGSNWFFGFSGGGFGGNFGNR,0.0,0.0,0.0,0.0,0.0
ELADVQLELQSQLALK,0.0,0.0,0.0,0.0,0.0
ELAQCELELKSQLSMK,0.0,0.0,0.0,0.0,0.0
ESHGRPHSELGKEELAYLR,0.0,0.0,0.0,0.0,0.0
ESVEGYYSWFMFSASSLGGGFGNSR,0.0,0.0,0.0,0.0,0.0
EVGTPLDSLLDFK,0.0,0.0,0.0,0.0,0.0
FESASFEEFLGRHR,0.0,0.0,0.0,0.0,0.0
GDNVSDYNDDYQQLLDLK,0.0,0.0,0.0,0.0,0.0
GTGYAPLGTQSNMYDCYLGQPRTAGYLENK,0.0,0.0,0.0,0.0,0.0
HSFLLQEQTGK,0.0,0.0,0.0,0.0,0.0
KEGGGFSSGGFSGGSFSR,0.0,0.0,0.0,1871800.0,0.0
LALDVELKFTSR,0.0,0.0,0.0,0.0,0.0
LCHGRPSHEAVKEELAYLR,0.0,0.0,0.0,0.0,0.0
LEGEMQLESLTEELAYKLK,0.0,0.0,0.0,0.0,0.0
LEGLKEELAYLR,0.0,0.0,0.0,0.0,0.0
LGLYEAMK,0.0,0.0,0.0,0.0,0.0
LNEDGGLNVVEGNNGSFLSASK,0.0,0.0,0.0,0.0,0.0
LSGDFLDNNLTEAGAELLELR,0.0,0.0,0.0,0.0,0.0
MNEAKVNVFCNDAAPRDLTQLETPPR,0.0,0.0,0.0,0.0,0.0
MPSHRAFKNNTVWELLQQVDTTDK,0.0,0.0,0.0,0.0,0.0
NGEVEFLSASGGK,0.0,0.0,0.0,0.0,0.0
NGMQDLVEDFK,0.0,0.0,0.0,0.0,0.0
NGSTLNNDLMLLK,0.0,0.0,0.0,0.0,0.0
NHYTELHMLEGALNMFESSGAGK,0.0,0.0,0.0,0.0,0.0
NLSLSLPTSMNMSEQGSLSGWGNTK,0.0,0.0,0.0,0.0,0.0
NSKLELKHLGRPNHR,0.0,0.0,0.0,365100.0,0.0
NVQALELELQQSLALKQSLEASLAETWR,0.0,0.0,0.0,0.0,0.0
QAYEELAQR,0.0,0.0,0.0,991410.0,0.0
QDEDWFFSK,0.0,0.0,0.0,0.0,0.0
QGNLLLQLDNAR,0.0,0.0,0.0,0.0,0.0
QLGLVSWGSGPDDK,0.0,0.0,0.0,0.0,0.0
QLSYLDKVQALEEKGNDGGQNK,0.0,0.0,0.0,0.0,0.0
QVDLEQGGYSDAK,0.0,0.0,0.0,0.0,0.0
QVTLTQQLEQALSVK,0.0,0.0,0.0,12934000.0,0.0
SAFEMCSWLGK,0.0,0.0,0.0,0.0,0.0
SGNGMGAQFFTKTEEGTPK,0.0,0.0,0.0,0.0,0.0
SGPAENEFVTLK,0.0,0.0,0.0,0.0,0.0
SHPWRHSEAVKEELAYLR,0.0,0.0,0.0,0.0,0.0
SLDEMQYETLQEELMALK,0.0,0.0,0.0,0.0,0.0
SLFGAGAAVVSFGAAGGFGGR,0.0,0.0,0.0,0.0,0.0
SNLEPLFESYLTNLR,0.0,0.0,0.0,0.0,0.0
SNSNCGFGGSSGGYGGLGGFGGGSFR,0.0,0.0,0.0,0.0,0.0
SWGNNHDVFSESGGGFGGGGFGNR,0.0,0.0,0.0,0.0,0.0
TGNDTWFLSK,0.0,0.0,0.0,0.0,0.0
THGGLEPYFESFLDNLR,0.0,0.0,0.0,0.0,0.0
THYEHETSNMFCAGYLENK,0.0,0.0,0.0,0.0,0.0
TVDLDAPHMVVK,0.0,0.0,0.0,0.0,0.0
TVDLDSLLAEVKR,0.0,0.0,0.0,0.0,0.0
TVGAKNMALQQAK,0.0,0.0,0.0,0.0,0.0
TVNEADLNGLR,0.0,0.0,0.0,0.0,0.0
VDVNDNEEGFFSAR,0.0,0.0,0.0,0.0,0.0
VEQNDLDVAR,0.0,0.0,0.0,0.0,0.0
VLLSTYALNR,0.0,0.0,0.0,0.0,0.0
VPSLSQHLRMESYEELQLTAGR,0.0,0.0,0.0,0.0,0.0
VSLMYNAPVLAHHFGK,0.0,0.0,0.0,492160.0,0.0
VTESFVEMLK,0.0,0.0,0.0,0.0,0.0
VTMPQFASFLDGKVR,0.0,0.0,0.0,0.0,0.0
VTNLEMQLESLTEELAYLKK,0.0,0.0,0.0,0.0,0.0
VTVNLGGSGK,0.0,0.0,0.0,0.0,0.0
WFKELELELESQLSKK,0.0,0.0,0.0,0.0,0.0
WLHTNNFMCVTLNNDLLVPK,0.0,0.0,0.0,0.0,0.0
WNNNLNVVNGGNVASFLSASK,0.0,0.0,0.0,0.0,0.0
WRKYYTSNTLNNDLMLLGLLK,0.0,0.0,0.0,0.0,0.0
WRNQLFQQLANPQEDLAR,0.0,0.0,0.0,9753400.0,0.0
WWEGSYNHGMGGGFSASSLGGGFGNSR,0.0,0.0,0.0,0.0,0.0
YGTAPLLPANLTSNMMQCGWHMAGYLENK,0.0,0.0,0.0,0.0,0.0
YNTLWERGWLVDLTVGDNK,0.0,0.0,0.0,0.0,0.0
YSPDVLK,0.0,0.0,0.0,74840.0,0.0
YTMALQLFSQGVASSVK,0.0,0.0,0.0,7008000.0,0.0
AEAEEAYKSKYEELQLTAGR,0.0,0.0,0.0,0.0,0.0
ASAGTQCLLSGWGNTK,0.0,0.0,0.0,13543000.0,0.0
DGCMYVSWLGK,0.0,0.0,0.0,0.0,0.0
DPALTSLLEK,0.0,0.0,0.0,2336800.0,0.0
DPVLSELESSMTEELAYLKK,0.0,0.0,0.0,0.0,0.0
DWYLKWQHEYLYLKALEEANNDLENK,0.0,0.0,0.0,2557800.0,0.0
EAVNDNEEGFFSAR,0.0,0.0,0.0,0.0,0.0
EEGFFSAR,0.0,0.0,0.0,0.0,0.0
EEMSQLTQGNSDGVNVELNVAPGK,0.0,0.0,0.0,19227000.0,0.0
EKSLTTELDNNLEQLSHNNPKPRSLYR,0.0,0.0,0.0,0.0,0.0
ELGPVYTNKMKNYVSGELK,0.0,0.0,0.0,0.0,0.0
ELTTAANDEVLEQLSSYK,0.0,0.0,0.0,0.0,0.0
ENNNKYETQLTQLEHEVSSSGQEVQSGTK,0.0,0.0,0.0,0.0,0.0
HGQMPLHSEAVKEELAYLR,0.0,0.0,0.0,0.0,0.0
HTNLEPYFEFVTDNLR,0.0,0.0,0.0,0.0,0.0
KDEAAWFNEK,0.0,0.0,0.0,0.0,0.0
KDVNELEDALQQAK,0.0,0.0,0.0,0.0,0.0
KVDLDTSFAEVK,0.0,0.0,0.0,0.0,0.0
KYTSEFYPEGYAR,0.0,0.0,0.0,0.0,0.0
LASYLASALSPK,0.0,0.0,0.0,0.0,0.0
LEDNTELELLEGGQEDFESSGAGK,0.0,0.0,0.0,0.0,0.0
LKFEMEENLR,0.0,0.0,0.0,6952100.0,0.0
LLELLMLWR,0.0,0.0,0.0,0.0,0.0
LPALMAMYMGHK,0.0,0.0,0.0,0.0,0.0
LPEDNLRVVEGQDQFLSASK,0.0,0.0,0.0,980540.0,0.0
LPSYLCAFQALGSLNDLQFFR,0.0,0.0,0.0,0.0,0.0
LPWKVNLEPLFQGYLDKVTR,0.0,0.0,0.0,0.0,0.0
LSSEWETATLGDDLLSGWGNTK,0.0,0.0,0.0,0.0,0.0
LSSMAASDLSLLDAQSALPR,0.0,0.0,0.0,0.0,0.0
LSVHPSYNMATLNDDLMLLK,0.0,0.0,0.0,130250000.0,0.0
LSVHPYGNYPGYTDDLMLLK,0.0,0.0,0.0,0.0,0.0
LSVHWWMSNTLNDDLMLLK,0.0,0.0,0.0,0.0,0.0
LVYDAELSGPSHK,0.0,0.0,0.0,0.0,0.0
LYTVEYLSNMVNR,0.0,0.0,0.0,4886800.0,0.0
MESQQFEQSAYMQLSNLEAQLTDVR,0.0,0.0,0.0,0.0,0.0
MTNAQLLLLLDNAR,0.0,0.0,0.0,0.0,0.0
NGAVHELELELQSQLSKGK,0.0,0.0,0.0,0.0,0.0
NQALNGQEDNYDEQLSSYK,0.0,0.0,0.0,24304000.0,0.0
NQGDNLPVVEGNEQFLSASK,0.0,0.0,0.0,0.0,0.0
NQLEPLFEQYLDNLR,0.0,0.0,0.0,0.0,0.0
QLGLVSPAQSDDFR,0.0,0.0,0.0,5169200.0,0.0
QLPLNVELDPELQK,0.0,0.0,0.0,0.0,0.0
QLSYLDKVKAANGEANNDLENK,0.0,0.0,0.0,0.0,0.0
QPETLNFLELSGYR,0.0,0.0,0.0,0.0,0.0
QQPQVHAQLLEEKPTELLQQVDTSEK,0.0,0.0,0.0,0.0,0.0
QVNDNEEGFFSAR,0.0,0.0,0.0,0.0,0.0
QYLQTHSESLKEELAYLK,0.0,0.0,0.0,0.0,0.0
REYKAELTNMKNDLSETNVLLSMDNNR,0.0,0.0,0.0,0.0,0.0
RTHVTALEQEPVR,0.0,0.0,0.0,0.0,0.0
SEVDKSEPEGELSFQEFLTAAR,0.0,0.0,0.0,0.0,0.0
SPGGGGGGLGSVSQR,0.0,0.0,0.0,0.0,0.0
SWGNNSFNFRFEKLVNESGGGFGGGGFGNR,0.0,0.0,0.0,0.0,0.0
TNVEADLDVAR,0.0,0.0,0.0,0.0,0.0
TRNVEADLNGLR,0.0,0.0,0.0,0.0,0.0
TVELDSLLAEVK,0.0,0.0,0.0,0.0,0.0
TVSLREK,0.0,0.0,0.0,0.0,0.0
TVVNLSNK,0.0,0.0,0.0,0.0,0.0
VAAADDFR,0.0,0.0,0.0,0.0,0.0
VAGTDEDSLLELGLCSR,0.0,0.0,0.0,0.0,0.0
VANDLEEALQQAK,0.0,0.0,0.0,0.0,0.0
VEELATYR,0.0,0.0,0.0,0.0,0.0
VGCNYVSWLGK,0.0,0.0,0.0,0.0,0.0
VLDELTLTGK,0.0,0.0,0.0,0.0,0.0
VLTSAHSNESAFTEELAYLKK,0.0,0.0,0.0,0.0,0.0
VMDYCGSWLK,0.0,0.0,0.0,7300100.0,0.0
VSEVVNHFAPDELTVK,0.0,0.0,0.0,0.0,0.0
VYYEPLGQPLLMMHWWGDGEEAGYLENK,0.0,0.0,0.0,0.0,0.0
WAEETEMFKYGAGEELPLGKK,0.0,0.0,0.0,0.0,0.0
WALWLPTFAYQEPVLGPVR,0.0,0.0,0.0,0.0,0.0
WAPTSNSVTFGSVTSSTLSSNVASK,0.0,0.0,0.0,0.0,0.0
WEDTPEEGFFSAR,0.0,0.0,0.0,3515300.0,0.0
WEEEGFFTK,0.0,0.0,0.0,0.0,0.0
WELMYTGVNFKKLWLEPLFQGYLDKSLR,0.0,0.0,0.0,988010.0,0.0
WELSLKYNNTDTVSSLLSMDNSR,0.0,0.0,0.0,40559000.0,0.0
WRNNRDNSNTLNNDLMLLK,0.0,0.0,0.0,0.0,0.0
WVVGTAVDVVNVDYWMWFHYGSDTYK,0.0,0.0,0.0,0.0,0.0
YCWFYETKLTQLEHEVSSSGQEVQSGTK,0.0,0.0,0.0,0.0,0.0
YNGSYPYNTLDNNKDKLVDLTVGGGNK,0.0,0.0,0.0,0.0,0.0
YNSPYYNTLDDLKDQLVDLTVGDNK,0.0,0.0,0.0,0.0,0.0
YNTLRWEGWLVDLTVGDNK,0.0,0.0,0.0,0.0,0.0
YTFPHFDLSHSQQVK,0.0,0.0,0.0,1787500.0,0.0
YTLFLQEYLDLAKK,0.0,0.0,0.0,0.0,0.0
AAGVEQLNSLEAQLTDVR,0.0,0.0,0.0,0.0,0.0
ATAVNPFYVHLLTLNNDLMLLK,0.0,0.0,0.0,0.0,0.0
AVGGLLTGEMAAPLAVQTELK,0.0,0.0,0.0,0.0,0.0
EAVHPSYNSKSLNNDLTLLK,0.0,0.0,0.0,0.0,0.0
EAVLFNEVALR,0.0,0.0,0.0,0.0,0.0
ESNTDTLNNMQDLVEDYKK,0.0,0.0,0.0,4006800.0,0.0
ESNYYWYLQDLVEDYKK,0.0,0.0,0.0,0.0,0.0
FASKAVDWLNGGMNAQELGAALK,0.0,0.0,0.0,24530000.0,0.0
FLEQQNQVLKTELWELLQQVDTSEK,0.0,0.0,0.0,0.0,0.0
FLYTLQEYLDALKK,0.0,0.0,0.0,7171200.0,0.0
FSLLQPTR,0.0,0.0,0.0,1017100.0,0.0
GHLLELLRTLTDR,0.0,0.0,0.0,0.0,0.0
GNDDPQGLGMNMFCAGYLEGGK,0.0,0.0,0.0,0.0,0.0
GTYANPLTSNMFTMGCLEGGK,0.0,0.0,0.0,0.0,0.0
HGAAPKQLELELESAEK,0.0,0.0,0.0,0.0,0.0
KSAEAESLYKSQYEELQLTQR,0.0,0.0,0.0,0.0,0.0
LAAFQALLQTEDVPK,0.0,0.0,0.0,0.0,0.0
LDDLESVKGKVHDVKDVEER,0.0,0.0,0.0,0.0,0.0
LDLDFDDR,0.0,0.0,0.0,0.0,0.0
LENEMQLESLTEELAYKLK,0.0,0.0,0.0,0.0,0.0
LEWHGKEQLGCPGNSNLEAQLTDVR,0.0,0.0,0.0,0.0,0.0
LGAGLVSWGSGCGAQK,0.0,0.0,0.0,1310300.0,0.0
LGGELLNTTDNAVQLLQLDANR,0.0,0.0,0.0,0.0,0.0
LLTFWQELMNTK,0.0,0.0,0.0,0.0,0.0
LNDLEDALQEAK,0.0,0.0,0.0,0.0,0.0
LPEDNLNVVEGNEKFLSAEK,0.0,0.0,0.0,0.0,0.0
LPEDQVNVLEGNEQFLSASK,0.0,0.0,0.0,0.0,0.0
LQGLVSASHDDDQK,0.0,0.0,0.0,0.0,0.0
LVFDVAR,0.0,0.0,0.0,0.0,0.0
MKALKSKLELELAASSYK,0.0,0.0,0.0,0.0,0.0
MTSYQSSSYSPYGSGSGWSSSR,0.0,0.0,0.0,7061800.0,0.0
NCVNYVSWLK,0.0,0.0,0.0,0.0,0.0
NHVEELELELQSQLSK,0.0,0.0,0.0,0.0,0.0
NKSLELSELNR,0.0,0.0,0.0,184390.0,0.0
NQEPFRELLEGGQEDFESSGAGK,0.0,0.0,0.0,0.0,0.0
NYSETSKCFLDDLKDQLVDLTVGGGNK,0.0,0.0,0.0,0.0,0.0
QEYSLLLSLK,0.0,0.0,0.0,0.0,0.0
QLGEAHAFSPYFK,0.0,0.0,0.0,0.0,0.0
QLGLVNSDDQAQK,0.0,0.0,0.0,4347500.0,0.0
QLSNLEQSLSDAEQR,0.0,0.0,0.0,0.0,0.0
QNCYLQTSLQEQLSNLEAQLTDVR,0.0,0.0,0.0,0.0,0.0
QNLEPLKHRYLSTEYR,0.0,0.0,0.0,0.0,0.0
QNVEMQYETLQEELMALKK,0.0,0.0,0.0,0.0,0.0
QVDLDSLLEALR,0.0,0.0,0.0,0.0,0.0
QVQLDPALQR,0.0,0.0,0.0,0.0,0.0
QVQLDPSLQR,0.0,0.0,0.0,0.0,0.0
QVSLPSFRSNMDNMLNSQWVTAHR,0.0,0.0,0.0,0.0,0.0
RAMPEDALQKAELEMPAR,0.0,0.0,0.0,0.0,0.0
RPDLHHMCLDEAGPVDLTQLLNNMR,0.0,0.0,0.0,0.0,0.0
RPFGISALIVGFDFDGTPR,0.0,0.0,0.0,0.0,0.0
RSDLQYEWRTQLEHEVSSSGQELQMNK,0.0,0.0,0.0,0.0,0.0
SASSLGGGFGSNR,0.0,0.0,0.0,194430.0,0.0
SEEYLQGMLQEQLSAREAQLTDVR,0.0,0.0,0.0,0.0,0.0
SEVLCVKMLQSGWHSYVCFHYGSNTYK,0.0,0.0,0.0,0.0,0.0
SNSGGCGFGGSSGGYGGLGGFGGGSFR,0.0,0.0,0.0,0.0,0.0
SSASSYPDVLGSMCLK,0.0,0.0,0.0,0.0,0.0
SSGTSYPEVLK,0.0,0.0,0.0,0.0,0.0
TDLEMGALEGLGKEELAYLR,0.0,0.0,0.0,0.0,0.0
TDYCGYLEGGK,0.0,0.0,0.0,39659000.0,0.0
THNLEPMGPPESFLNNLR,0.0,0.0,0.0,0.0,0.0
TVAGYNDPETGNLLSLFQAMNK,0.0,0.0,0.0,0.0,0.0
TVGLSLCGHFDNSLQQLSGWGNTK,0.0,0.0,0.0,0.0,0.0
TVGLSLVWGCASASAQSWLSGWGNTK,0.0,0.0,0.0,0.0,0.0
VDDAAYMNKVELQAK,0.0,0.0,0.0,0.0,0.0
VLELPYK,0.0,0.0,0.0,0.0,0.0
VPHNNKLAGSVELEDLSK,0.0,0.0,0.0,0.0,0.0
VSVALLVVK,0.0,0.0,0.0,0.0,0.0
VWPGMWVVKAGTQGCLLSGWGNTK,0.0,0.0,0.0,0.0,0.0
WEEDAFFTKTEENLR,0.0,0.0,0.0,0.0,0.0
WGPPWNVVEGNEQFLSASK,0.0,0.0,0.0,16349000.0,0.0
AAVPSGASTGLYEALELR,0.0,0.0,0.0,0.0,0.0
AGEDDFSWLK,0.0,0.0,0.0,0.0,0.0
DPLDNPVHEAVKEELAYLR,0.0,0.0,0.0,0.0,0.0
DVLVDMSSYLLGR,0.0,0.0,0.0,0.0,0.0
DYMLEEEFESFLNNLR,0.0,0.0,0.0,0.0,0.0
DYSPAELSKCRTHLSDTSVVLSMDNNR,0.0,0.0,0.0,0.0,0.0
ELEDTGLELLEGNAEDFESSGAGGK,0.0,0.0,0.0,0.0,0.0
ELNGHLELELQSQLTK,0.0,0.0,0.0,0.0,0.0
EPAAQTLMLLK,0.0,0.0,0.0,0.0,0.0
EPVHRFLNHTNVVEGFFSAR,0.0,0.0,0.0,0.0,0.0
ESASSYPVLDK,0.0,0.0,0.0,0.0,0.0
EVDLSDLLAEVK,0.0,0.0,0.0,0.0,0.0
EYALYTTGAGR,0.0,0.0,0.0,0.0,0.0
FATNNDLPVLK,0.0,0.0,0.0,0.0,0.0
FMVLVTNYTNQDAMK,0.0,0.0,0.0,0.0,0.0
FSFFYPEDFNK,0.0,0.0,0.0,0.0,0.0
FYTLELLK,0.0,0.0,0.0,0.0,0.0
GPEYEQLLAK,0.0,0.0,0.0,0.0,0.0
GPVDLEDALQQAK,0.0,0.0,0.0,0.0,0.0
HDYLYPELNYGR,0.0,0.0,0.0,0.0,0.0
HGGTLENFAFESFLNNLR,0.0,0.0,0.0,0.0,0.0
KSAEEATVKYSQYEELQLTQR,0.0,0.0,0.0,0.0,0.0
KSGNNQFASFLDK,0.0,0.0,0.0,0.0,0.0
LAEYGDKVALR,0.0,0.0,0.0,0.0,0.0
LALDVELATYKR,0.0,0.0,0.0,5627400.0,0.0
LHVLASLNYQDDAELATR,0.0,0.0,0.0,0.0,0.0
LLGTATVDNALNLLQLDNAR,0.0,0.0,0.0,0.0,0.0
LNDLDSLLEAVR,0.0,0.0,0.0,0.0,0.0
LNSMAKSTKEASAGTQSWLSGWGNTK,0.0,0.0,0.0,0.0,0.0
LNVDRGLEDLPWEFKKKSLEASLAETEGR,0.0,0.0,0.0,0.0,0.0
LPEDNLNNVQGEVEFLSASGGK,0.0,0.0,0.0,0.0,0.0
LPEDNLNVVSMNEPFLSASK,0.0,0.0,0.0,0.0,0.0
LPERKNLEPLFQGYLDKVTR,0.0,0.0,0.0,0.0,0.0
LRLGMGCSLDGKDDLNLSGWGGGTNK,0.0,0.0,0.0,0.0,0.0
LRLGMREMMNMPDLLSGWGNTK,0.0,0.0,0.0,17855000.0,0.0
LSLQPLNVELDPELQVKK,0.0,0.0,0.0,0.0,0.0
LSMPQFASFLDK,0.0,0.0,0.0,0.0,0.0
LSNALELELQAQHVQR,0.0,0.0,0.0,0.0,0.0
MMHYVSGELK,0.0,0.0,0.0,0.0,0.0
NPLPVTLYTAPKR,0.0,0.0,0.0,0.0,0.0
NSTAFNNDLLPVK,0.0,0.0,0.0,0.0,0.0
NYFNEELSELLSDPSDTSR,0.0,0.0,0.0,0.0,0.0
QGVGGELNVEMDAAPGVDLSR,0.0,0.0,0.0,7240200.0,0.0
QTQLSETNVLLSMDMPR,0.0,0.0,0.0,13799000.0,0.0
QVDLEDALQQAGK,0.0,0.0,0.0,0.0,0.0
QVDLEEALQQAGK,0.0,0.0,0.0,0.0,0.0
QVYGLPALVK,0.0,0.0,0.0,0.0,0.0
SHPMGHQLEGLKEELAYLR,0.0,0.0,0.0,0.0,0.0
SLALSGLDLMEVNPSLGK,0.0,0.0,0.0,0.0,0.0
SLSVAGGGGGFGAAGGFNR,0.0,0.0,0.0,0.0,0.0
SPLGVQSLNWGAK,0.0,0.0,0.0,24080000.0,0.0
SVEADLNVAR,0.0,0.0,0.0,0.0,0.0
TAHFMPRNSNTLNNDLMLLK,0.0,0.0,0.0,0.0,0.0
THNLEPYFESFLMPLR,0.0,0.0,0.0,0.0,0.0
TLGLLQPFSK,0.0,0.0,0.0,0.0,0.0
TLLDLELATYR,0.0,0.0,0.0,4212000.0,0.0
TSYPDVLK,0.0,0.0,0.0,0.0,0.0
TVDLDDLLAEVK,0.0,0.0,0.0,0.0,0.0
VAPDGLRFMGKHEALLSGWGNTK,0.0,0.0,0.0,0.0,0.0
VATRRFALSELNR,0.0,0.0,0.0,0.0,0.0
VDLQYNTLEFLK,0.0,0.0,0.0,0.0,0.0
VLDLETLTK,0.0,0.0,0.0,0.0,0.0
VPGEETLDNNLEQLSSYK,0.0,0.0,0.0,0.0,0.0
VTMQNLQTLFGWSLDVKR,0.0,0.0,0.0,0.0,0.0
VTVHPVDLDLTNSNYTKMNK,0.0,0.0,0.0,0.0,0.0
VTYNLGGSK,0.0,0.0,0.0,0.0,0.0
WADSPLLFRYQEPVLGVPR,0.0,0.0,0.0,0.0,0.0
WALSLPTEMMNSQQLLSGWGNTK,0.0,0.0,0.0,104480000.0,0.0
WAVLEWKCNTNMNNDLLPVK,0.0,0.0,0.0,0.0,0.0
WELQFASFLDGGK,0.0,0.0,0.0,0.0,0.0
WLYLSFNSNTLNNDLMLLK,0.0,0.0,0.0,0.0,0.0
WNNPLMVVEGNEKFLSASR,0.0,0.0,0.0,0.0,0.0
YGCYLQNEVFVAFQK,0.0,0.0,0.0,0.0,0.0
YLEYFLK,0.0,0.0,0.0,0.0,0.0
AAGQGLVSWGSMDAAR,0.0,0.0,0.0,0.0,0.0
ACFAPLLSDTMYYDERSHLGFAGYLENK,0.0,0.0,0.0,0.0,0.0
ADTLTDELNFLR,0.0,0.0,0.0,461580000.0,0.0
ALSYLDNLKALTNGANNDLENK,0.0,0.0,0.0,0.0,0.0
APLLSDGTEYTADYVSWLK,0.0,0.0,0.0,45249000.0,0.0
AVLLPSFSNAPR,0.0,0.0,0.0,2358000.0,0.0
DDLMLLK,0.0,0.0,0.0,1943600.0,0.0
EAPEADLDVAR,0.0,0.0,0.0,0.0,0.0
EEANNDLENK,0.0,0.0,0.0,12298000.0,0.0
EGLNLETALK,0.0,0.0,0.0,0.0,0.0
ELNGHLELELAGSQLSK,0.0,0.0,0.0,0.0,0.0
ELQVPDAESFATEELAYLKGK,0.0,0.0,0.0,0.0,0.0
EYQEQLLAK,0.0,0.0,0.0,0.0,0.0
GGGFSSGGFSYQGSR,0.0,0.0,0.0,0.0,0.0
GPQLTSNMSCMFTAGYLEGGK,0.0,0.0,0.0,0.0,0.0
HGSGLGHSSSHGQHGSSGGR,0.0,0.0,0.0,1494000.0,0.0
HTNLEYPFETFLDVQR,0.0,0.0,0.0,0.0,0.0
KNGELLEDALQK,0.0,0.0,0.0,17629000.0,0.0
KNLNMGDAPGYMQAK,0.0,0.0,0.0,0.0,0.0
LAGNLSSVNFRYNR,0.0,0.0,0.0,10782000.0,0.0
LAMGSPQLVLQVR,0.0,0.0,0.0,0.0,0.0
LASYDRKLQALEEANNDLEGGK,0.0,0.0,0.0,0.0,0.0
LDSVELAEVK,0.0,0.0,0.0,0.0,0.0
LFEQKNKVWDTKTPELLQQVDTSEK,0.0,0.0,0.0,0.0,0.0
LGRLEQDLAGTYR,0.0,0.0,0.0,0.0,0.0
LGTLDLSLWGLLYTSK,0.0,0.0,0.0,0.0,0.0
LLVHMESNSNTLNNDLMLLK,0.0,0.0,0.0,2239200.0,0.0
LPNLEPLFQGYLDVKGTR,0.0,0.0,0.0,0.0,0.0
LREQWHWMNPGNSNLEAQLTDVR,0.0,0.0,0.0,0.0,0.0
LSGGGGFSSGGFSGGSFSR,0.0,0.0,0.0,0.0,0.0
LSKKFKDLLNLTNSNYALDFR,0.0,0.0,0.0,0.0,0.0
LSMDRQNFNPDLLSGWGNTK,0.0,0.0,0.0,0.0,0.0
LSSLSVAGGGNFQAGFGNR,0.0,0.0,0.0,0.0,0.0
LSVHPSYNSACLLNNDLMLLK,0.0,0.0,0.0,0.0,0.0
LSVNLGGSNKSLSLSVAR,0.0,0.0,0.0,0.0,0.0
LYPLQYVVTR,0.0,0.0,0.0,0.0,0.0
MFGCAYGLEGGK,0.0,0.0,0.0,5685100.0,0.0
MLKPFFHSLSEK,0.0,0.0,0.0,3041200.0,0.0
MPENKYDDELTKLEHEVSSSWQVQMNK,0.0,0.0,0.0,0.0,0.0
NKLGGDLEDALGAGAAGKEDLAR,0.0,0.0,0.0,0.0,0.0
NNENEYETKLTQLEHEWSSWQVFEPK,0.0,0.0,0.0,0.0,0.0
NSGGLLQQVDTSTR,0.0,0.0,0.0,0.0,0.0
QGLEAQVLQVLEK,0.0,0.0,0.0,0.0,0.0
QGLLLQLDQGR,0.0,0.0,0.0,0.0,0.0
QGSAENEFVTLKK,0.0,0.0,0.0,0.0,0.0
QLGLVSFFGSSVDDK,0.0,0.0,0.0,0.0,0.0
QLQASQLSALEEQLKSGPR,0.0,0.0,0.0,0.0,0.0
RGEDNLNVVEGNEQFLSASK,0.0,0.0,0.0,3931300.0,0.0
SAALSVTVLNVLEGKFTAAPPR,0.0,0.0,0.0,0.0,0.0
SGGNGGGLGSVTNR,0.0,0.0,0.0,0.0,0.0
SHPMQHGLEAVKEELAYLR,0.0,0.0,0.0,0.0,0.0
SLDLQFASFLDK,0.0,0.0,0.0,0.0,0.0
SLLQLPNVELDPELQK,0.0,0.0,0.0,0.0,0.0
SLNNQFASFLGSNVVR,0.0,0.0,0.0,0.0,0.0
SSTGSYPDLLK,0.0,0.0,0.0,0.0,0.0
STDYGLFQLDSR,0.0,0.0,0.0,0.0,0.0
TALENDFVVLK,0.0,0.0,0.0,5909200.0,0.0
TGYPANLTSNMFTYCELGHFGLAGYLENK,0.0,0.0,0.0,0.0,0.0
THNLEHNSFESFLNNLR,0.0,0.0,0.0,0.0,0.0
THNLEPYFEGPPLKGHTAR,0.0,0.0,0.0,0.0,0.0
TPVSSAGNNLAQEYYTVTPSEHYGSNTYK,0.0,0.0,0.0,0.0,0.0
TVSAEQLAETEGR,0.0,0.0,0.0,0.0,0.0
VLGAFSDGLAHLDNLKK,0.0,0.0,0.0,22963000.0,0.0
WRWLADVVEGRQSEMSASK,0.0,0.0,0.0,66417000.0,0.0
WWMSYRVVSVTSSTLSSNVASK,0.0,0.0,0.0,4367400.0,0.0
YCHVPYETKLTQQNHEVSSSGQEVQSGTK,0.0,0.0,0.0,24516000.0,0.0
YLELTLR,0.0,0.0,0.0,32347000.0,0.0
YLFLTEKELGQTHLSDTNVLLSMDMPR,0.0,0.0,0.0,0.0,0.0
YSGYHLK,0.0,0.0,0.0,7501700.0,0.0
AGDVWFK,0.0,0.0,0.0,2878500.0,0.0
ALSAPKTEMAAPLAVQTELK,0.0,0.0,0.0,13770000.0,0.0
APLLMYWEEYCAGYLEGGK,0.0,0.0,0.0,0.0,0.0
APLLSDSADDHGGYAGYLEGGK,0.0,0.0,0.0,6286200.0,0.0
AQFPVLPVSVSVEFAVAANFARAE,0.0,0.0,0.0,0.0,0.0
ASLYGALEEEYENLLK,0.0,0.0,0.0,4454000.0,0.0
CHGDDQYPLETLKEHMALGKK,0.0,0.0,0.0,0.0,0.0
DGGQTVFASFLDKVR,0.0,0.0,0.0,0.0,0.0
DSNTLNNDLMLLK,0.0,0.0,0.0,10940000.0,0.0
DYSPYYNTLDDLK,0.0,0.0,0.0,0.0,0.0
EAAESWYQTK,0.0,0.0,0.0,162380.0,0.0
EAGPALQQSLSDAANNK,0.0,0.0,0.0,0.0,0.0
EVVNLQELEFLK,0.0,0.0,0.0,0.0,0.0
FGCFVEFQELGKDDR,0.0,0.0,0.0,0.0,0.0
GDGMERQTLVDVFTK,0.0,0.0,0.0,0.0,0.0
HPGGGGGFNGGFGSR,0.0,0.0,0.0,0.0,0.0
HQGLPQEVLNEQVLR,0.0,0.0,0.0,0.0,0.0
HWCAPLLSDNSGHQWYFFVGEAGYLENK,0.0,0.0,0.0,0.0,0.0
KGLFEMEQNLR,0.0,0.0,0.0,0.0,0.0
LALDLFASQLSK,0.0,0.0,0.0,0.0,0.0
LGAGLVSADGNDGAQK,0.0,0.0,0.0,0.0,0.0
LGAGLVSSMGSGCAQK,0.0,0.0,0.0,0.0,0.0
LGAGLVSWGNSCAQK,0.0,0.0,0.0,0.0,0.0
LNDLEAYTQQAK,0.0,0.0,0.0,0.0,0.0
LPEDNLDVVQWNEFLSASK,0.0,0.0,0.0,0.0,0.0
LPFLEEVK,0.0,0.0,0.0,0.0,0.0
LPFYNLQMYQGHMGSVEEQLATAPK,0.0,0.0,0.0,0.0,0.0
LPTMVPLNLPLLADSLR,0.0,0.0,0.0,12080000.0,0.0
LTLEMLDHGFEQLSSYK,0.0,0.0,0.0,0.0,0.0
LTNLTPLNLQLDPAEKR,0.0,0.0,0.0,0.0,0.0
MFLLFLLNDNEEGFFSAR,0.0,0.0,0.0,0.0,0.0
NGGQKEFASFLDNKVR,0.0,0.0,0.0,0.0,0.0
NGKLSNLQQSLSDAEQR,0.0,0.0,0.0,2338600.0,0.0
NLEPYFESFLMPLR,0.0,0.0,0.0,0.0,0.0
NPTEEHAEENLTYLQLK,0.0,0.0,0.0,0.0,0.0
NQLLNLTTDNANLLLQLDDAR,0.0,0.0,0.0,0.0,0.0
NQLWLLTTDNANLLLQLDNAR,0.0,0.0,0.0,0.0,0.0
NSTLNNDLMLLGK,0.0,0.0,0.0,0.0,0.0
NYGSLFYNVDDDLKLENVDLTVDGNK,0.0,0.0,0.0,0.0,0.0
QAPGVDLTQLLMPMR,0.0,0.0,0.0,0.0,0.0
QHAQELELELQNTLSK,0.0,0.0,0.0,10711000.0,0.0
QLGLVDFCGHAQK,0.0,0.0,0.0,5673600.0,0.0
RYHTDQFSSQELLLR,0.0,0.0,0.0,0.0,0.0
SDLECFNYETLKERCHLK,0.0,0.0,0.0,0.0,0.0
SLDLDSLLAKFVLSDLDSLLAEVK,0.0,0.0,0.0,137340000.0,0.0
TGLSGHLELSLLVALK,0.0,0.0,0.0,0.0,0.0
TLEVDLMLVR,0.0,0.0,0.0,0.0,0.0
TSSSFDDYDK,0.0,0.0,0.0,0.0,0.0
TVSAQESLYQSK,0.0,0.0,0.0,0.0,0.0
TVVEDSLLAEVGGK,0.0,0.0,0.0,0.0,0.0
TVYYYLQQDTK,0.0,0.0,0.0,0.0,0.0
VGDNYVSAELK,0.0,0.0,0.0,0.0,0.0
VGLDELTLTK,0.0,0.0,0.0,0.0,0.0
VTLQGPVAVELDPELQKVK,0.0,0.0,0.0,0.0,0.0
VTLQPLNVELDPELQK,0.0,0.0,0.0,3907100.0,0.0
WELLQQTMLKGFWELLQQVDTSEK,0.0,0.0,0.0,59346000.0,0.0
WEWSWPRNTLGGNDLMLLK,0.0,0.0,0.0,0.0,0.0
WGHMKLESAFTEELAYLKK,0.0,0.0,0.0,0.0,0.0
WLDDLNVVEGNEQFLSASK,0.0,0.0,0.0,0.0,0.0
WSNLELVESQTDGLLR,0.0,0.0,0.0,0.0,0.0
YFYQAR,0.0,0.0,0.0,8614800.0,0.0
YYDNMMSWLK,0.0,0.0,0.0,0.0,0.0
ALHSALEEVVLALLK,0.0,0.0,0.0,0.0,0.0
APLLSDTMFVFYWHGGDPMYQAGYLENK,0.0,0.0,0.0,0.0,0.0
APLLSDTMFWKRQDGEDFMMAGYLENK,0.0,0.0,0.0,0.0,0.0
CPVHTDLEWSNTLNNDLLPVK,0.0,0.0,0.0,0.0,0.0
EALPTSDMTGDLSLLSGWGNTK,0.0,0.0,0.0,0.0,0.0
EGVDADLNGLR,0.0,0.0,0.0,1530600.0,0.0
EKGWYRESHATLSNLEAQLTDVR,0.0,0.0,0.0,0.0,0.0
ELALLEDDLAEELAGASFDLPK,0.0,0.0,0.0,0.0,0.0
ELVALAANELQSQLALK,0.0,0.0,0.0,0.0,0.0
ELYRRELEVLEDLSK,0.0,0.0,0.0,0.0,0.0
EMALLQQVDTSTR,0.0,0.0,0.0,0.0,0.0
ESLEMQLEGLGKEELAYLR,0.0,0.0,0.0,0.0,0.0
EWFGYSGAMDSEGPVASSLGGGFGGGSR,0.0,0.0,0.0,0.0,0.0
FRLTEYDSNTLNNDLMLLK,0.0,0.0,0.0,0.0,0.0
FSGHFKNFSSGGFSGGSFSR,0.0,0.0,0.0,163940.0,0.0
GSPGELDGYAALADAEAGR,0.0,0.0,0.0,2502300.0,0.0
GYEESGSNFTGYGGLGGFGGGSFR,0.0,0.0,0.0,0.0,0.0
KEGGGFSSGGFSGQYSR,0.0,0.0,0.0,0.0,0.0
KENDQFASFLDK,0.0,0.0,0.0,0.0,0.0
KNLAHEHPALQK,0.0,0.0,0.0,0.0,0.0
LADLELATYR,0.0,0.0,0.0,5018300.0,0.0
LAVTATVDNANLLLQLDNAR,0.0,0.0,0.0,0.0,0.0
LDNLEDALQQAK,0.0,0.0,0.0,0.0,0.0
LEETYHNLLEGGQEDFESSGAGK,0.0,0.0,0.0,0.0,0.0
LLELLTEVTR,0.0,0.0,0.0,0.0,0.0
LPKDAVEDLESVGK,0.0,0.0,0.0,0.0,0.0
LPSLSLMHFQMWSGLLSGWGNTK,0.0,0.0,0.0,51233000.0,0.0
LPSLSLPTYGACPCPDLLSGWGNTK,0.0,0.0,0.0,0.0,0.0
LQAENNEVALR,0.0,0.0,0.0,407960.0,0.0
LRDWYQR,0.0,0.0,0.0,195670.0,0.0
LSLSTWNYK,0.0,0.0,0.0,1544400.0,0.0
LSNNQFAFSLDAKAR,0.0,0.0,0.0,0.0,0.0
MDLANFR,0.0,0.0,0.0,8876300.0,0.0
MNVGPGKLLWEPLFQGYLDKSLR,0.0,0.0,0.0,0.0,0.0
MSVEADRNGLLR,0.0,0.0,0.0,0.0,0.0
NQLEPLFEAHPVDAKPSR,0.0,0.0,0.0,0.0,0.0
NYGSPYYHSWFNKDKLVDLTVDGNK,0.0,0.0,0.0,0.0,0.0
QLEESNYELEGK,0.0,0.0,0.0,144990.0,0.0
QLSETNVLLSMDNNR,0.0,0.0,0.0,0.0,0.0
QNVSQFASFLDGGKVR,0.0,0.0,0.0,0.0,0.0
QVQLDPTLQR,0.0,0.0,0.0,0.0,0.0
QYGTLLSLDDLNQR,0.0,0.0,0.0,0.0,0.0
RELGGDLEDALQQAK,0.0,0.0,0.0,4167600.0,0.0
SNLALLDVYHK,0.0,0.0,0.0,0.0,0.0
TAGNLMVPNSDAALNNDLMLLK,0.0,0.0,0.0,0.0,0.0
TEYQQLLDLK,0.0,0.0,0.0,0.0,0.0
TPALGMFWTLNNNDLLSGWGNTK,0.0,0.0,0.0,0.0,0.0
TPYPGQLTSNMFEEDSHEGGK,0.0,0.0,0.0,0.0,0.0
TYKESFYPEYGAR,0.0,0.0,0.0,0.0,0.0
VFDEFKPLVEEPQNLLK,0.0,0.0,0.0,45688000.0,0.0
VLLNGNPLTLFEQR,0.0,0.0,0.0,0.0,0.0
VLLNNGLPTLFQEDRPSK,0.0,0.0,0.0,0.0,0.0
WEFGYSGYTCKGFSASSLGGGFGGGSR,0.0,0.0,0.0,1023200.0,0.0
WELLKQMNVPLTEPTLEPLFQGYLDKSLR,0.0,0.0,0.0,0.0,0.0
WLHLAYNSADTLNNDLMLLK,0.0,0.0,0.0,0.0,0.0
WPNSVAMVSGALATLSTLEAVR,0.0,0.0,0.0,0.0,0.0
YCHVPYETKLTQLEYCVSSSGQEVQSGTK,0.0,0.0,0.0,0.0,0.0
YGCVQLSQLQAQLSALEEQLKSGPR,0.0,0.0,0.0,0.0,0.0
YSSPYDMLELSR,0.0,0.0,0.0,0.0,0.0
AAPGVDLTQLLNMNR,0.0,0.0,0.0,0.0,0.0
AGEYGQYALAVR,0.0,0.0,0.0,698660.0,0.0
APPANLEPYFESFLNNLR,0.0,0.0,0.0,0.0,0.0
APVQALELELQSKLAYGEKSLEASLAETEGR,0.0,0.0,0.0,33576000.0,0.0
AVAAALLALLNGGLPGPK,0.0,0.0,0.0,2873600.0,0.0
DPEAGNQMYEYQQLLDLK,0.0,0.0,0.0,0.0,0.0
DPGLSMPTSTMLSWTLLSGWGNTK,0.0,0.0,0.0,0.0,0.0
DPLSGPPHSEVAKEELAYLR,0.0,0.0,0.0,0.0,0.0
DVTGPMMDTEYQLQLDLK,0.0,0.0,0.0,0.0,0.0
EASLAEYQSKYEELQLTAGR,0.0,0.0,0.0,0.0,0.0
ELFKAENQVLPNVHWELLQQVDTSEK,0.0,0.0,0.0,0.0,0.0
ELGHNLELELEQSLSK,0.0,0.0,0.0,0.0,0.0
EVVDPEVFFNVHMYK,0.0,0.0,0.0,0.0,0.0
FCGLEMQYETLQEERPVR,0.0,0.0,0.0,0.0,0.0
FELVLVFK,0.0,0.0,0.0,0.0,0.0
FMPFSGGFGGGAGNDGGLLTANEK,0.0,0.0,0.0,0.0,0.0
GTYPGAGLTSNMKMFRMENHHNAGYLENK,0.0,0.0,0.0,0.0,0.0
HSVFFHALTEVR,0.0,0.0,0.0,0.0,0.0
KHQVGELELELQSQLSK,0.0,0.0,0.0,0.0,0.0
KSAEAESLYQSGKYEELQLTAGR,0.0,0.0,0.0,0.0,0.0
LADLVELATYR,0.0,0.0,0.0,0.0,0.0
LEGEMQLEVTTEELAYLK,0.0,0.0,0.0,0.0,0.0
LPEDNLGGVVGEQGDQFLSASK,0.0,0.0,0.0,0.0,0.0
LQGLVSWGSYSGDPDNKPVGYTK,0.0,0.0,0.0,382970.0,0.0
LSDVQLQSRNNQFASFLDK,0.0,0.0,0.0,0.0,0.0
LTDDAAQLTLVDLTVGNNK,0.0,0.0,0.0,0.0,0.0
MFCQYGLENK,0.0,0.0,0.0,0.0,0.0
NGLDLDSLLAEVGK,0.0,0.0,0.0,0.0,0.0
NGSPLLQQVDTSTR,0.0,0.0,0.0,0.0,0.0
QALTMELELQSCAATLK,0.0,0.0,0.0,0.0,0.0
QLGLVSWGSGCGAAGGK,0.0,0.0,0.0,0.0,0.0
QNFETELNLTK,0.0,0.0,0.0,1138200.0,0.0
QNLFPKLDNEANLLLQLDNAR,0.0,0.0,0.0,7982900.0,0.0
QVDLDSLLAEVGGK,0.0,0.0,0.0,0.0,0.0
SLLLSLGK,0.0,0.0,0.0,0.0,0.0
SLSGPRDWAPFNLFYLEK,0.0,0.0,0.0,0.0,0.0
SLVHPSYDSLTLNDDLMLLK,0.0,0.0,0.0,0.0,0.0
SPGLSGDAGNTK,0.0,0.0,0.0,0.0,0.0
SSAHADLDPTK,0.0,0.0,0.0,0.0,0.0
THDRLPVDLAYK,0.0,0.0,0.0,0.0,0.0
TVGLSLCHSGYNEQQLLSGWGNTK,0.0,0.0,0.0,0.0,0.0
VGSVELTNTVFK,0.0,0.0,0.0,0.0,0.0
VYVEELKPTPEGDLELLLQK,0.0,0.0,0.0,133520000.0,0.0
WESYGGGGSGGGYGGGSGSR,0.0,0.0,0.0,0.0,0.0
WVLNDLEDALQQAKEDLAR,0.0,0.0,0.0,0.0,0.0
YGLDFSSLLETVR,0.0,0.0,0.0,0.0,0.0
YGTAPLLSDTMFDFYCFKGPYAGYLENK,0.0,0.0,0.0,0.0,0.0
DAVNDNEEVFFSAR,0.0,0.0,0.0,0.0,0.0
DLENQYETQLTQLEHEVSCAPCNVKSASK,0.0,0.0,0.0,0.0,0.0
EAALLQNELEFLK,0.0,0.0,0.0,0.0,0.0
EAGDSHCPLAEVK,0.0,0.0,0.0,0.0,0.0
EDNLNVVENGEQFLSASK,0.0,0.0,0.0,0.0,0.0
EFEMSFLELVELTFNK,0.0,0.0,0.0,0.0,0.0
FLEQKNQVLQTQTPELLQQVDTSEK,0.0,0.0,0.0,0.0,0.0
GFSSSSGYGGGSSR,0.0,0.0,0.0,0.0,0.0
GGGFSSGGFSGSGFSR,0.0,0.0,0.0,0.0,0.0
GSHANLEPYFESFLNNLR,0.0,0.0,0.0,0.0,0.0
HTNLERHMESFRHKATR,0.0,0.0,0.0,0.0,0.0
HVHLFNFQALPNSNYALDFR,0.0,0.0,0.0,0.0,0.0
KDEALLHALLR,0.0,0.0,0.0,4981100.0,0.0
LEESNLEELLEGGQEDFESSGAGK,0.0,0.0,0.0,0.0,0.0
LGVLSGVLHK,0.0,0.0,0.0,3217300.0,0.0
LHVSALLNYQDDAELATR,0.0,0.0,0.0,62854000.0,0.0
LLLPGELAK,0.0,0.0,0.0,0.0,0.0
LPEDNLNVVEGENQFLSASK,0.0,0.0,0.0,0.0,0.0
LPEDNLNVVEGRDQFLSASK,0.0,0.0,0.0,0.0,0.0
LPGNLELPFQGYLDVKGTR,0.0,0.0,0.0,0.0,0.0
LPSYLDKVQALEEANNDLNTR,0.0,0.0,0.0,0.0,0.0
LQGLVSWGMGSMWNK,0.0,0.0,0.0,106150.0,0.0
LSDLDSLLDGLR,0.0,0.0,0.0,12481000.0,0.0
LSGDTAMLNKWFASFLDKVR,0.0,0.0,0.0,0.0,0.0
LSQNLLQLPNVELDPELQK,0.0,0.0,0.0,4564800.0,0.0
LTGPNDLMLLK,0.0,0.0,0.0,0.0,0.0
NHGVQELELELAGSALGSK,0.0,0.0,0.0,0.0,0.0
NMQDVMEDYR,0.0,0.0,0.0,0.0,0.0
QEYQELLAK,0.0,0.0,0.0,0.0,0.0
QLGLVSWGSNCAAGK,0.0,0.0,0.0,0.0,0.0
QLGLVSWGSYSFAHNK,0.0,0.0,0.0,134590.0,0.0
QLTDAEFETEGR,0.0,0.0,0.0,0.0,0.0
QNTTELHGHFEQLSSYK,0.0,0.0,0.0,0.0,0.0
QPLLSDSDEHNGYAGYLEGGK,0.0,0.0,0.0,0.0,0.0
QPNYVSWLK,0.0,0.0,0.0,0.0,0.0
QSLLQPLNVELDPELQKVK,0.0,0.0,0.0,11450000.0,0.0
QSVEADLNRVAR,0.0,0.0,0.0,68600000.0,0.0
QVDLDVTLEALR,0.0,0.0,0.0,0.0,0.0
QVETLLNTFHAGYSVK,0.0,0.0,0.0,0.0,0.0
RMYSLPTSYYHKEAWTFGSAGTQCLLSENMLR,0.0,0.0,0.0,0.0,0.0
SFGYSYGNSGGGFSASSLGGGFGGSGR,0.0,0.0,0.0,0.0,0.0
SGGLMPEYYTVYFFHYGSNTYK,0.0,0.0,0.0,46547000.0,0.0
SLVHPSYDSNTLMPDLMLLK,0.0,0.0,0.0,0.0,0.0
SSGTSSSLVAGTK,0.0,0.0,0.0,0.0,0.0
THNLEPYFESFLMLPRR,0.0,0.0,0.0,0.0,0.0
VAFPSLVGRPR,0.0,0.0,0.0,2656600.0,0.0
VEAPLEDALQQAVHEMPAR,0.0,0.0,0.0,0.0,0.0
VNQDALADAEAGR,0.0,0.0,0.0,2459900.0,0.0
VSPAATLEGKQPLLQLDNAR,0.0,0.0,0.0,0.0,0.0
VTDLTELLAEVK,0.0,0.0,0.0,0.0,0.0
VVVMPTEVFDDEDFRALSEHYGSNTYK,0.0,0.0,0.0,0.0,0.0
WPMPLMVVEGNEQFLSATK,0.0,0.0,0.0,0.0,0.0
WQDGAEYVVESTGVFTTMEK,0.0,0.0,0.0,0.0,0.0
WRAENAGYETALGKWFFEVSSSGAGEVAGSSAK,0.0,0.0,0.0,0.0,0.0
WRPTDKNSNTLNNDLMLLKGLK,0.0,0.0,0.0,0.0,0.0
YGTAPLLSDTMFDDYWHTRFAGYLENK,0.0,0.0,0.0,0.0,0.0
YLSPDQLLEGYK,0.0,0.0,0.0,3232000.0,0.0
YPSNYYNTLDDLKDQLVDLTVGPMK,0.0,0.0,0.0,0.0,0.0
YTLLRMPLHGAFNYK,0.0,0.0,0.0,0.0,0.0
AAPGVDLTQLLDNMR,0.0,0.0,0.0,9708300.0,0.0
AQFLVANASAEEAIIGTDVLQDHNAILDFEHR,0.0,0.0,0.0,0.0,0.0
ASYPQGLTSNMFSSWLEGGK,0.0,0.0,0.0,0.0,0.0
CPVDTQFFMLLSDPSDDTK,0.0,0.0,0.0,0.0,0.0
DPQLSETNVLLSMDNNR,0.0,0.0,0.0,0.0,0.0
EGVDNEEGFFSAR,0.0,0.0,0.0,512980.0,0.0
EGVNDNEEGFFSVR,0.0,0.0,0.0,0.0,0.0
ELTTELDNNLEQLSLHKTMKSFPHR,0.0,0.0,0.0,0.0,0.0
EMSNYVSGELK,0.0,0.0,0.0,0.0,0.0
EPETWFLSK,0.0,0.0,0.0,0.0,0.0
EVSLDSLLAEVK,0.0,0.0,0.0,0.0,0.0
EYTKTELNLR,0.0,0.0,0.0,228750.0,0.0
EYYPLVWQFYRCVQYETLQEELMALKK,0.0,0.0,0.0,1565100.0,0.0
FSEDSGGSGSSNYGGLGGFGGGSFR,0.0,0.0,0.0,0.0,0.0
FSNVVPFSSGGFSGGSFSR,0.0,0.0,0.0,35073000.0,0.0
GTYPANLTSNMFDSYLMGVPSGNAGYLENK,0.0,0.0,0.0,1150300000.0,0.0
HSSNLKQSLSDAEQARDGQLKDAK,0.0,0.0,0.0,0.0,0.0
LADLALFK,0.0,0.0,0.0,0.0,0.0
LAGGALSSVGGGSSTLK,0.0,0.0,0.0,0.0,0.0
LALDLNQSYLK,0.0,0.0,0.0,0.0,0.0
LALDVELFTTR,0.0,0.0,0.0,0.0,0.0
LGGDFKVALVATVEMFMLK,0.0,0.0,0.0,0.0,0.0
LLDGTDDDDCSYQLLLDVK,0.0,0.0,0.0,0.0,0.0
LPEDNLPSGVEGKDQFLSASK,0.0,0.0,0.0,0.0,0.0
LPEPDMANVVAGSVVNLDYGSK,0.0,0.0,0.0,0.0,0.0
LPNGKELNLPLLADLSR,0.0,0.0,0.0,0.0,0.0
LPPLTPLEFYR,0.0,0.0,0.0,0.0,0.0
LQNPSMEQNLR,0.0,0.0,0.0,0.0,0.0
LSNNQFASFLKGDVR,0.0,0.0,0.0,0.0,0.0
LSSCTWWKVWTSSTLSSNVASK,0.0,0.0,0.0,0.0,0.0
MPEDKYETQLRWEHEVSSSQGEVFEPK,0.0,0.0,0.0,0.0,0.0
MSSAVLMEEGTLNAQELGAALK,0.0,0.0,0.0,15054000.0,0.0
NKRQWHWMNPGNSNLEAQLTDVR,0.0,0.0,0.0,32879000.0,0.0
NRMKKELETYHNLLEGGQEDFESSGQK,0.0,0.0,0.0,0.0,0.0
NVHQELELELQSQLSKK,0.0,0.0,0.0,0.0,0.0
QEQLLSNLEAQLTDVR,0.0,0.0,0.0,0.0,0.0
QLGNAVSWGTHHQK,0.0,0.0,0.0,29314000.0,0.0
QMGGYVSWLGGK,0.0,0.0,0.0,0.0,0.0
QNNLSFASFLDGKVR,0.0,0.0,0.0,0.0,0.0
QNPQPLELELQSAGLSK,0.0,0.0,0.0,0.0,0.0
QSLLTPLNLQLDPSLQR,0.0,0.0,0.0,5461300.0,0.0
QTQLSETNVLLSMDNNR,0.0,0.0,0.0,0.0,0.0
QVEPYFEFSLPPFR,0.0,0.0,0.0,0.0,0.0
REEQLQPAQLFFASFLDKVR,0.0,0.0,0.0,0.0,0.0
SLTPTEEASFLDHVVR,0.0,0.0,0.0,0.0,0.0
TGGGDDWFFSK,0.0,0.0,0.0,0.0,0.0
TGLENTVEETK,0.0,0.0,0.0,0.0,0.0
TNVEADLNVAR,0.0,0.0,0.0,0.0,0.0
TNVEADLVANR,0.0,0.0,0.0,0.0,0.0
VAALDVELFTSR,0.0,0.0,0.0,4868600.0,0.0
VGDDASECFLK,0.0,0.0,0.0,0.0,0.0
VNQDALADAEQR,0.0,0.0,0.0,0.0,0.0
VPHRDLELEVLEDLSK,0.0,0.0,0.0,0.0,0.0
YEELQLQTR,0.0,0.0,0.0,0.0,0.0
YNTLWWRDQLVDLTVGNNK,0.0,0.0,0.0,0.0,0.0
YQLAELSQMQTQLSETNVLLSMDNNR,0.0,0.0,0.0,0.0,0.0
DDATVMWDEYQQLLDLKGLR,0.0,0.0,0.0,0.0,0.0
EAQNNQENEFLK,0.0,0.0,0.0,0.0,0.0
EDVGVTLVNLLTNR,0.0,0.0,0.0,0.0,0.0
EESGYGGSGFTGYGGLGGFGGGSFR,0.0,0.0,0.0,22413000.0,0.0
ESNHKGLFHHKEELAYLR,0.0,0.0,0.0,0.0,0.0
EVTDYLMK,0.0,0.0,0.0,0.0,0.0
LAEEANTELEVK,0.0,0.0,0.0,0.0,0.0
LGFLEEVK,0.0,0.0,0.0,7970600.0,0.0
LLTVTANDANLLLQLDNAR,0.0,0.0,0.0,0.0,0.0
LNLDNLTLFQWEEMQYETLQEELMALK,0.0,0.0,0.0,0.0,0.0
LPEDNLNVVESDVHHLSASK,0.0,0.0,0.0,0.0,0.0
LQGLVWSGSNMSHFMHAGYLEGGK,0.0,0.0,0.0,0.0,0.0
LSNNQFASFLDKLR,0.0,0.0,0.0,0.0,0.0
MDPKKYENDLTQLEHQVYQQSLSDMGAPK,0.0,0.0,0.0,0.0,0.0
MGTLDDFR,0.0,0.0,0.0,1020900.0,0.0
NAVAADANVEMDAAPGVDVTR,0.0,0.0,0.0,6045900.0,0.0
NFALDNLSPEK,0.0,0.0,0.0,178880.0,0.0
QGGSLLQQVDTSTR,0.0,0.0,0.0,5079800.0,0.0
QGTLLELR,0.0,0.0,0.0,0.0,0.0
QGVDNVNVEMDAAPGVDLSR,0.0,0.0,0.0,11764000.0,0.0
QLGLLGSVEEQLAQLR,0.0,0.0,0.0,346460.0,0.0
QLPSGASTGLYEALELR,0.0,0.0,0.0,0.0,0.0
QSAEQEFVTLK,0.0,0.0,0.0,4021800.0,0.0
SKELYYNSNTPNDNDLMLLK,0.0,0.0,0.0,14990000.0,0.0
SNEEYGSNSSNYGGLGGFGGGSFR,0.0,0.0,0.0,0.0,0.0
SNTQAGKKSDSDAEQR,0.0,0.0,0.0,0.0,0.0
STENSELNNMQDLVEDYKK,0.0,0.0,0.0,114060000.0,0.0
TGYPALLSDTMFLFMSEGHDGFAGYLENK,0.0,0.0,0.0,0.0,0.0
THNLEPYFEYALMLPRR,0.0,0.0,0.0,0.0,0.0
TLNLTQQLEQASLVK,0.0,0.0,0.0,0.0,0.0
TPGNVEVDLFTSK,0.0,0.0,0.0,0.0,0.0
TVLLTEQALAK,0.0,0.0,0.0,15988000.0,0.0
VALDYETFK,0.0,0.0,0.0,11743000.0,0.0
VDDGAYMTK,0.0,0.0,0.0,0.0,0.0
VELDSLLAEVK,0.0,0.0,0.0,0.0,0.0
VFVAFQFALR,0.0,0.0,0.0,0.0,0.0
VSTLPALLTK,0.0,0.0,0.0,7673200.0,0.0
VTQLAAVVDVLR,0.0,0.0,0.0,23199000.0,0.0
WNNNLVMVEGNAVSFLSASK,0.0,0.0,0.0,0.0,0.0
WQLFLNLVGGYTCEWVQNK,0.0,0.0,0.0,0.0,0.0
WRHRSSNSNTLNNDLMLLK,0.0,0.0,0.0,0.0,0.0
WSGNGNFYAFEMPGFSGGGFGGGGFGNR,0.0,0.0,0.0,0.0,0.0
YEELQQTQR,0.0,0.0,0.0,24334000.0,0.0
YENATVVVALR,0.0,0.0,0.0,3745300.0,0.0
YFSTTEDYDHELTGLR,0.0,0.0,0.0,699790.0,0.0
YKNGGGWSGNHTDGSGFSGGGFGGGGFGNR,0.0,0.0,0.0,0.0,0.0
APSTYNGLSVSSR,0.0,0.0,0.0,644020.0,0.0
DSTLNNDLMLLK,0.0,0.0,0.0,5094900.0,0.0
EAGEADPSEKSAPLMELLHSR,0.0,0.0,0.0,0.0,0.0
EGEDWFFSKTEEQVR,0.0,0.0,0.0,7774000.0,0.0
ESNQSTLDNMQDLVEDYKK,0.0,0.0,0.0,5918500.0,0.0
ESTNVLLLSMDNNR,0.0,0.0,0.0,0.0,0.0
GPGKDQFASFLDKVR,0.0,0.0,0.0,0.0,0.0
GPQYGTLTSNMCLAGYLEGGK,0.0,0.0,0.0,1807300.0,0.0
HASNLEPYFESFLRAVNGR,0.0,0.0,0.0,0.0,0.0
HGVQELELELQSKLSQKAALEK,0.0,0.0,0.0,1458800000.0,0.0
KTGEQQNQVLQTK,0.0,0.0,0.0,9971100.0,0.0
LAEQDSYELEGK,0.0,0.0,0.0,0.0,0.0
LFDQAFVAPR,0.0,0.0,0.0,1822100.0,0.0
LPTRQGQALELPFQGYLDSLK,0.0,0.0,0.0,0.0,0.0
LRMSLWSSEDGSLQQLSGWGNTK,0.0,0.0,0.0,260130000.0,0.0
LSLVPGPPMSLALGSLSGHAR,0.0,0.0,0.0,0.0,0.0
MHMMNLLHEMELLMFESSGAGK,0.0,0.0,0.0,4437800.0,0.0
NEETHELSELLSDPSDDTK,0.0,0.0,0.0,17614000.0,0.0
NLSLSLPTSCDMNQQLLSGWGNTK,0.0,0.0,0.0,0.0,0.0
NVCYFGGNFGSR,0.0,0.0,0.0,7042300.0,0.0
QDLEMQLESLTEELAYLKGK,0.0,0.0,0.0,0.0,0.0
QLGVLSWGSQYYHQK,0.0,0.0,0.0,0.0,0.0
QPVDGELDLGR,0.0,0.0,0.0,0.0,0.0
QPVKVSTPTLVEVSR,0.0,0.0,0.0,0.0,0.0
QVLDNVDFEK,0.0,0.0,0.0,0.0,0.0
QVVSSSEQLQSYQAELLELR,0.0,0.0,0.0,0.0,0.0
RAGSVEADLNGLR,0.0,0.0,0.0,19778000.0,0.0
RAHTEHHFESFLNNLR,0.0,0.0,0.0,0.0,0.0
SALVHLLNYQDDAELATR,0.0,0.0,0.0,6302900.0,0.0
SLGEALPTSNMYANYVSSALR,0.0,0.0,0.0,0.0,0.0
SPGTVPAQSSPTRLTTVSHYLDR,775720.0,0.0,0.0,0.0,0.0
SPPSNLQQSLSDAEQR,0.0,0.0,0.0,0.0,0.0
TAGEENFVTLKK,0.0,0.0,0.0,0.0,0.0
TLREQELATYR,0.0,0.0,0.0,125380000.0,0.0
TVVHPSYDSSQLDNDLMLLK,0.0,0.0,0.0,0.0,0.0
VALTVDELLLAR,0.0,0.0,0.0,0.0,0.0
VASALEEQLQQLR,0.0,0.0,0.0,0.0,0.0
VLEELTLTK,0.0,0.0,0.0,2322100.0,0.0
VLLDNGPLTLFQEDRPSK,0.0,0.0,0.0,0.0,0.0
WRWLQLNVVEGNEQFLSASK,0.0,0.0,0.0,0.0,0.0
WSLLSDWNHGEMAGYLEGGK,0.0,0.0,0.0,0.0,0.0
YEPKKDMERGTQLEHEVSSSGKEEVQMNK,0.0,0.0,0.0,0.0,0.0
YLDLGTAER,0.0,0.0,0.0,4247000.0,0.0
YSGGGSGGGFSASSLGGGFGGGSR,0.0,0.0,0.0,0.0,0.0
ALCAAEVLLLADSDFGK,0.0,0.0,0.0,0.0,0.0
ASYPGQLTSNMFSSWLEGGK,0.0,0.0,0.0,0.0,0.0
CEFELQSTLQEQLSNLEAQLTDVR,0.0,0.0,0.0,9444100.0,0.0
DGFNYVHYKK,0.0,0.0,0.0,204430.0,0.0
DLSLALLMARFASLDLDSLLAEVK,0.0,0.0,0.0,0.0,0.0
DPQLLDAESFATEELAYLKGK,0.0,0.0,0.0,0.0,0.0
DPVEQLTDAFATEELAYLKK,0.0,0.0,0.0,0.0,0.0
DPVETNVLLSMDNNR,0.0,0.0,0.0,0.0,0.0
EEGNSWFFTK,0.0,0.0,0.0,31262000.0,0.0
EVNALELELQSQLALK,0.0,0.0,0.0,0.0,0.0
EVVLQNELEFLK,0.0,0.0,0.0,11252000.0,0.0
FHGFGYSYGGGSGGGFSASSLGGGFGGGDK,0.0,0.0,0.0,0.0,0.0
GPQLTYGTSNMFGCAGYLEGGK,0.0,0.0,0.0,0.0,0.0
GSSTSYGPDVLK,0.0,0.0,0.0,0.0,0.0
GVGGDLENALEQAKEDLAR,0.0,0.0,0.0,0.0,0.0
LHELTSLLEEKDSLLKR,0.0,0.0,0.0,2708500.0,0.0
LPEDNLNVVEDDVVFLSASR,0.0,0.0,0.0,0.0,0.0
LPSLSLNHMMDYNMLLSGWGNTK,0.0,0.0,0.0,0.0,0.0
LSAENSLEETKGR,0.0,0.0,0.0,876550.0,0.0
LSYGLNSK,0.0,0.0,0.0,511760.0,0.0
LTNDTANLLLQLDANR,0.0,0.0,0.0,7043800.0,0.0
MPMREQQLLEGGQEDFESSGAGK,0.0,0.0,0.0,17357000.0,0.0
NAPYGTLTSNMFCGAGYLEGGK,0.0,0.0,0.0,0.0,0.0
QGDDDGTDLEGGK,0.0,0.0,0.0,183830.0,0.0
QLGMEQLSNLEAQLTDVR,0.0,0.0,0.0,0.0,0.0
QVDLEDALQQLK,0.0,0.0,0.0,0.0,0.0
QVNVVEGNEAGFLSASK,0.0,0.0,0.0,0.0,0.0
RPKNYYSKNGCVAVSGELK,0.0,0.0,0.0,0.0,0.0
SANLLQPLNVELDPELQK,0.0,0.0,0.0,0.0,0.0
SLLMGLDMFHK,0.0,0.0,0.0,0.0,0.0
SPGGFSSGSAGLLNYQR,0.0,0.0,0.0,0.0,0.0
TLNDTNDLTYEQLLAK,0.0,0.0,0.0,0.0,0.0
TNTNSELNNMQDLVEDYKK,0.0,0.0,0.0,0.0,0.0
TVDLDSLLAEVKAQYEDLAQK,0.0,0.0,0.0,0.0,0.0
VSEASVFNEK,0.0,0.0,0.0,0.0,0.0
WGQRQYETCDKEELMALKGK,0.0,0.0,0.0,0.0,0.0
YAVQELELEGAHVNLSK,0.0,0.0,0.0,0.0,0.0
YLYELAR,0.0,0.0,0.0,1751500.0,0.0
AFKFPDEQNLR,0.0,0.0,0.0,34622000.0,0.0
AYVKELGNAEGLASQLSKGK,0.0,0.0,0.0,0.0,0.0
DYSPYYNTLTQNKDQLVDLTVGNNK,0.0,0.0,0.0,0.0,0.0
EEGKDRSFGYSYGGGSGGGFSASSLGGGFGNSR,0.0,0.0,0.0,0.0,0.0
EENFGYSYWEGGFSASSLGGGFGNSR,0.0,0.0,0.0,0.0,0.0
EGVEDLESVGK,0.0,0.0,0.0,0.0,0.0
ELDADPTLESLTEELAVHYLK,0.0,0.0,0.0,13024000.0,0.0
FHGFGYSNYGSNGFSASSLGGGFGNDK,0.0,0.0,0.0,0.0,0.0
FSSSSYGGSSNR,0.0,0.0,0.0,0.0,0.0
GFDAVPDELNFMK,0.0,0.0,0.0,0.0,0.0
KDEVGPLNLFYLER,0.0,0.0,0.0,0.0,0.0
LDDLDTVLAEVK,0.0,0.0,0.0,0.0,0.0
LDSNSWLFGYSYGGGSGGGFSASSLGGGFGGGSR,0.0,0.0,0.0,36950000.0,0.0
LEGDNLNYSDEGGNAFLSASK,0.0,0.0,0.0,0.0,0.0
LEMQLESLTEELAYLK,0.0,0.0,0.0,2836800.0,0.0
LFEQQNQVLQTGK,0.0,0.0,0.0,0.0,0.0
LLLAFADGGPQALVQPVR,0.0,0.0,0.0,0.0,0.0
LLLQLDNAR,0.0,0.0,0.0,0.0,0.0
LNEDGGLGGVVEGNEQFLSASGK,0.0,0.0,0.0,0.0,0.0
LPAMFWFNNDYAGYLEGGK,0.0,0.0,0.0,0.0,0.0
LPEDNLNVLEGNEQFLSASK,0.0,0.0,0.0,0.0,0.0
LPLAMSSAQADMK,0.0,0.0,0.0,0.0,0.0
LSSLSGLR,0.0,0.0,0.0,191830000.0,0.0
MHSFGYSYFKGNFSASSLGGGFGNSR,0.0,0.0,0.0,3113400.0,0.0
MPGSFGYSYWEGGFSASSLGGGFGNSR,0.0,0.0,0.0,0.0,0.0
NQEDDDMGNMRSEAGYLEGGK,0.0,0.0,0.0,50018000.0,0.0
NVQALELEFSFPLALK,0.0,0.0,0.0,0.0,0.0
NVSWSVNFGYYAAPGVDLTQLLNNMR,0.0,0.0,0.0,0.0,0.0
QDEEWFFTK,0.0,0.0,0.0,0.0,0.0
QGVNELNVEMDAAPVGDLSR,0.0,0.0,0.0,15289000.0,0.0
QLNLQLPASTQAK,0.0,0.0,0.0,0.0,0.0
QNETRSGNLLEGGQEEFESSGAGK,0.0,0.0,0.0,10323000.0,0.0
QPPDPDELNKR,0.0,0.0,0.0,0.0,0.0
QPPLLQEYHDGGENLAK,0.0,0.0,0.0,0.0,0.0
SLLQPLVNK,0.0,0.0,0.0,3066700.0,0.0
TGYPANLTSNMFEPNYMGGK,0.0,0.0,0.0,0.0,0.0
TLDNDIMLIK,0.0,0.0,0.0,0.0,0.0
TPSVEVLEMNRDYVYSNSDHYGSNTYK,0.0,0.0,0.0,90455000.0,0.0
TVALEEQLQQLR,0.0,0.0,0.0,0.0,0.0
TVLDDSLLAEVGK,0.0,0.0,0.0,0.0,0.0
TVQVVGVVDVLR,0.0,0.0,0.0,0.0,0.0
TYTLEDALQQAK,0.0,0.0,0.0,0.0,0.0
VEATNSELVQSGK,0.0,0.0,0.0,28611000.0,0.0
VLLDGNPLTLFQER,0.0,0.0,0.0,0.0,0.0
VPHTQLGVNLELEDLSK,0.0,0.0,0.0,0.0,0.0
VPPQEQQLELQSQLSK,0.0,0.0,0.0,13270000.0,0.0
VQPLEPLFQGYLDSLKR,0.0,0.0,0.0,360280000.0,0.0
VTDLESLLAEVK,0.0,0.0,0.0,0.0,0.0
VTNANGFASFLDKNVR,0.0,0.0,0.0,9344300.0,0.0
WAYKCDKLWHSGGGGGDLPVLK,0.0,0.0,0.0,0.0,0.0
WEPDAVGCNETLGAGEELPLGKK,0.0,0.0,0.0,0.0,0.0
WRPWWNSNTLNNDLMLLK,0.0,0.0,0.0,0.0,0.0
EAAAQLDRFNGSFLNNLR,0.0,0.0,0.0,0.0,0.0
EEGVNDNEEGFFSAR,0.0,0.0,0.0,1367300.0,0.0
EPEEWFFTK,0.0,0.0,0.0,0.0,0.0
EPEVLALATAFQLPR,0.0,0.0,0.0,614830.0,0.0
ETMLTNSNNSHTPTK,0.0,0.0,0.0,433840.0,0.0
EYDGAYGLEGGK,0.0,0.0,0.0,0.0,0.0
FAGPLELSELNR,0.0,0.0,0.0,0.0,0.0
FWEVQLQYDGTGLQSQLELELEDLSK,0.0,0.0,0.0,1142500.0,0.0
GPVDLEDALQGAAKEDLAR,0.0,0.0,0.0,393930.0,0.0
HGNLEYPFESFLNNLR,0.0,0.0,0.0,0.0,0.0
HNQEEMRTLDENSLTGNVELNVAPGK,0.0,0.0,0.0,0.0,0.0
LANSLLDVYHK,0.0,0.0,0.0,1585100.0,0.0
LDLDNLNVVEGNEQFLSASK,0.0,0.0,0.0,0.0,0.0
LPEDNLDVVEGQDQFLSASK,0.0,0.0,0.0,0.0,0.0
LRTEWSYEQDRGTFHPYHRGGGGGSFGAGGGFGSR,0.0,0.0,0.0,24262000.0,0.0
LSVEADLNVAR,0.0,0.0,0.0,3396000.0,0.0
MGCHMQLAQLQEPVGSVEEQLNVVR,0.0,0.0,0.0,0.0,0.0
MNPYSGGGSSYGSGGGSYGSGGGGNGR,0.0,0.0,0.0,1261500.0,0.0
MTDYNRGWSAKDKLVDLTVGNNK,0.0,0.0,0.0,0.0,0.0
NHKEEEMLALR,0.0,0.0,0.0,9478400.0,0.0
NLSLSLPTYENGNNDLLSGWGNTK,0.0,0.0,0.0,0.0,0.0
NNHGGFGGGGFSGR,0.0,0.0,0.0,0.0,0.0
QDLEPNLESFATEELAYLKGK,0.0,0.0,0.0,0.0,0.0
QELSLHGPEESAGTQSSMNSGWGNTK,0.0,0.0,0.0,0.0,0.0
QGTDNVNVEMDAAPGVDLSR,0.0,0.0,0.0,31197000.0,0.0
QLNSLQQSLSDAEQR,0.0,0.0,0.0,179950000.0,0.0
QNTSSELNNMQDLVEDYKK,0.0,0.0,0.0,0.0,0.0
QVEPLNFQTAADQAR,0.0,0.0,0.0,24357000.0,0.0
SKAEAESLYKSQYEELQLTAGR,0.0,0.0,0.0,0.0,0.0
SLNNQFVHVVVDGPR,0.0,0.0,0.0,0.0,0.0
SLNSGYHFRAQSWEFFHYGSNTYK,0.0,0.0,0.0,0.0,0.0
SNALQAQLSALEEQLQQLR,0.0,0.0,0.0,0.0,0.0
SNGVKSNVNDHSVYYPSWCFFYK,0.0,0.0,0.0,0.0,0.0
SSGTSYDPVLK,0.0,0.0,0.0,72254.0,0.0
TDAENEFVTLK,0.0,0.0,0.0,0.0,0.0
TPALGMCSLMLSGDLDLLSGWGNTK,0.0,0.0,0.0,0.0,0.0
TVELDTVLAEVK,0.0,0.0,0.0,0.0,0.0
VGESYPDVLK,0.0,0.0,0.0,0.0,0.0
VLDELVVSR,0.0,0.0,0.0,0.0,0.0
VTGGGFGSNR,0.0,0.0,0.0,240980.0,0.0
WFKELELELQSQLSKNK,0.0,0.0,0.0,0.0,0.0
WTLLQMHFK,0.0,0.0,0.0,0.0,0.0
WWDERNLLEGWEDFESSGAGK,0.0,0.0,0.0,0.0,0.0
ASSYPDVLK,0.0,0.0,0.0,0.0,0.0
DPVLYGDTQK,0.0,0.0,0.0,8606000.0,0.0
HWCAPLLSNGHRHWYEGTAEEAGYLENK,0.0,0.0,0.0,0.0,0.0
KNTLSHELELQSQLSK,0.0,0.0,0.0,0.0,0.0
LENHHLELELQSQLSMK,0.0,0.0,0.0,23680000.0,0.0
LGKSAASLNSR,0.0,0.0,0.0,0.0,0.0
LGVNQELAYFYEPLFR,0.0,0.0,0.0,0.0,0.0
LPEDNLNVVEGNEQFLSAEK,0.0,0.0,0.0,4416500.0,0.0
LPEDNLNVVEGNEQFLSATR,0.0,0.0,0.0,0.0,0.0
LPKHYLENVPLFQGYLDKVTR,0.0,0.0,0.0,0.0,0.0
LPNGKELNLPLLADVTR,0.0,0.0,0.0,0.0,0.0
LTENDFAGYLENK,0.0,0.0,0.0,0.0,0.0
LTSSQNLELELQSQLSMK,0.0,0.0,0.0,0.0,0.0
NGGNSVLNVVEGNEQFLSAEK,0.0,0.0,0.0,0.0,0.0
NNALEPLFEQYLNNLR,0.0,0.0,0.0,0.0,0.0
QKLSNLQQSLSDAEQR,0.0,0.0,0.0,0.0,0.0
QVFYLEK,0.0,0.0,0.0,4239700.0,0.0
QVNVVEGNEQFLSASK,0.0,0.0,0.0,22467000.0,0.0
QVTLTQQLEQASLVK,0.0,0.0,0.0,0.0,0.0
RDYPMKVKALQSGANNDLENK,0.0,0.0,0.0,0.0,0.0
SLQNWFASFLDKVR,0.0,0.0,0.0,0.0,0.0
TAVNNGCQNQEYSLLLSLK,0.0,0.0,0.0,0.0,0.0
THNLEPYFESFLNDLR,0.0,0.0,0.0,0.0,0.0
TLDDDLMLLK,0.0,0.0,0.0,4378600.0,0.0
VDLLNQELEFLGK,0.0,0.0,0.0,0.0,0.0
VEWQLANLKQNGYASFLDKVR,0.0,0.0,0.0,0.0,0.0
VLLDGNPLTLQFER,0.0,0.0,0.0,0.0,0.0
WSVTPLNVDYVSWLK,0.0,0.0,0.0,0.0,0.0
CNQYLQGMLQQELSNLEAQLTDVR,0.0,0.0,0.0,0.0,0.0
DAVNDQEEGFFSAR,0.0,0.0,0.0,0.0,0.0
DPCHWWYETLQEELPGLKK,0.0,0.0,0.0,0.0,0.0
EEAEQMTWWWVNVELNVAPGK,0.0,0.0,0.0,0.0,0.0
EGVNNEEGFFSAR,0.0,0.0,0.0,904600.0,0.0
EVVLNQELEFLGK,0.0,0.0,0.0,0.0,0.0
FDGLLGMAYPR,0.0,0.0,0.0,8386900.0,0.0
HGVQELELELQSKLSGANK,0.0,0.0,0.0,0.0,0.0
HPVKKNVFNNMEDLSK,0.0,0.0,0.0,0.0,0.0
HWGKSMEHGEEKLSNLEAQLTDVR,0.0,0.0,0.0,4632000.0,0.0
KGNYVSWLK,0.0,0.0,0.0,0.0,0.0
LAADDKFLRYENEVALR,0.0,0.0,0.0,14090000.0,0.0
LAEESYTYNEGK,0.0,0.0,0.0,0.0,0.0
LATGFDDPFSGK,0.0,0.0,0.0,5135600.0,0.0
LPKDAVEDELSVGK,0.0,0.0,0.0,0.0,0.0
LSVHPSYNSNTLNNDLFVVR,0.0,0.0,0.0,3057300000.0,0.0
NNQLSFASFLDGKVR,0.0,0.0,0.0,14667000.0,0.0
PALLSDSSGCK,0.0,0.0,0.0,18586000.0,0.0
QFSSSYSLR,0.0,0.0,0.0,1224000.0,0.0
QLSNLQQSLSDVDQR,0.0,0.0,0.0,2514100.0,0.0
QVDLDSLLALEK,0.0,0.0,0.0,0.0,0.0
SLLTPLNLQLDPSLQR,0.0,0.0,0.0,0.0,0.0
TFGVSPLR,0.0,0.0,0.0,869360.0,0.0
TGNDAWFNEK,0.0,0.0,0.0,867110.0,0.0
TGYAPLNTSNMFDYTHWLTGFAGYLENK,0.0,0.0,0.0,0.0,0.0
THNLEPYFESFLDRNLR,0.0,0.0,0.0,4614600.0,0.0
TLAENDFVVLKK,0.0,0.0,0.0,129230.0,0.0
TLNDTDNLTYEQLLAK,0.0,0.0,0.0,201940000.0,0.0
TVGDLDSLLAEVK,0.0,0.0,0.0,0.0,0.0
VCGNYVSWLK,0.0,0.0,0.0,0.0,0.0
VLDELTALR,0.0,0.0,0.0,0.0,0.0
VLFFGLDGR,0.0,0.0,0.0,1264600.0,0.0
VLLDGNPLTLFEQR,0.0,0.0,0.0,0.0,0.0
VPEVNDLVPGR,0.0,0.0,0.0,0.0,0.0
VPLPVPFAFETFHTK,0.0,0.0,0.0,0.0,0.0
VSTLPALTLK,0.0,0.0,0.0,0.0,0.0
VTSLKNGK,0.0,0.0,0.0,0.0,0.0
WLHTNFWNTLNNDLLVPK,0.0,0.0,0.0,0.0,0.0
WSCQMPNVSVSVSTSHTTLDETR,0.0,0.0,0.0,0.0,0.0
YGTNGLDEPTNGLLSLFQAMNK,0.0,0.0,0.0,0.0,0.0
YNSPYYNTVEDLK,0.0,0.0,0.0,98485000.0,0.0
YPRVLFSEFYPELYGNR,0.0,0.0,0.0,0.0,0.0
CRLMLKTNLTNSNYSPHPNK,0.0,0.0,0.0,0.0,0.0
EAGLEAAELEEYEALLSLK,0.0,0.0,0.0,0.0,0.0
EAGLEAATGDDEYSLLLSLGK,0.0,0.0,0.0,0.0,0.0
HVSSTYHNLLEGGQEDFESSGAGK,0.0,0.0,0.0,0.0,0.0
LPAASMPTYNGWGSLAALSGWGGGTNK,0.0,0.0,0.0,0.0,0.0
LPFKEYLEPLFKGYLDSLKR,0.0,0.0,0.0,0.0,0.0
LSVHPSYQMRNNNDLTLLK,0.0,0.0,0.0,0.0,0.0
LSWGGNTK,0.0,0.0,0.0,0.0,0.0
LVGGYTSGDDNAK,0.0,0.0,0.0,0.0,0.0
LVQTKWELLQQVDTSTR,0.0,0.0,0.0,30539000.0,0.0
NAVGGDVNVEMDAAPGVDLSR,0.0,0.0,0.0,0.0,0.0
NSTNFANNDLVPLK,0.0,0.0,0.0,0.0,0.0
QFSSSLYSR,0.0,0.0,0.0,0.0,0.0
QLWDYDK,0.0,0.0,0.0,0.0,0.0
QSLLTPLNLQLDPALQR,0.0,0.0,0.0,0.0,0.0
SCSGNYVSEGLK,0.0,0.0,0.0,0.0,0.0
SSPSSHMCVLK,0.0,0.0,0.0,0.0,0.0
TGDMMDLLMDLR,0.0,0.0,0.0,0.0,0.0
TLYKEFSMLLNTLNNDLMLLK,0.0,0.0,0.0,4832300.0,0.0
TVDDSLLLAEVGK,0.0,0.0,0.0,0.0,0.0
VALVTVEDELR,0.0,0.0,0.0,3584900.0,0.0
VEDLEDALQQAK,0.0,0.0,0.0,58015000.0,0.0
VEPDVEVFFNAYGPNR,0.0,0.0,0.0,0.0,0.0
VTQYNDPETGNLLSLFGAAMNK,0.0,0.0,0.0,0.0,0.0
WALSLPTSMMNSACNLLSGWGNTK,0.0,0.0,0.0,0.0,0.0
WAVHVRPNLGTGGSGCAYMLLK,0.0,0.0,0.0,0.0,0.0
WYSNHWMCKNTLNNDLMLLK,0.0,0.0,0.0,0.0,0.0
YLPVGYFTK,0.0,0.0,0.0,7478300.0,0.0
YNSYPYNTLDDLK,0.0,0.0,0.0,98485000.0,0.0
YTLLSSLPLQQFNYK,0.0,0.0,0.0,4637200.0,0.0
DGALNLLTTDGQNLLLQLDNAR,0.0,0.0,0.0,12969000.0,0.0
EGHDDPEEFGFSAR,0.0,0.0,0.0,0.0,0.0
ELLNSWVESQTDGLLR,0.0,0.0,0.0,35217000.0,0.0
FPMQPTVPSDVLNDDLMLLK,0.0,0.0,0.0,3648900.0,0.0
FSSTASALTLQER,0.0,0.0,0.0,0.0,0.0
GPVDLAATQLLNNMR,0.0,0.0,0.0,0.0,0.0
GSLDLDSLLAEVK,0.0,0.0,0.0,36865000.0,0.0
HHFDVSWLPLCMNLK,0.0,0.0,0.0,0.0,0.0
LDDLEEALQQAK,0.0,0.0,0.0,5773100.0,0.0
LGAGLVSVSGSTWENANKGPVYTK,0.0,0.0,0.0,108160000.0,0.0
LLGVWDTAVSLGK,0.0,0.0,0.0,8352000.0,0.0
LLYQEPVLGVPR,0.0,0.0,0.0,61619000.0,0.0
LNEDGGLNVVEGNEQFLSASK,0.0,0.0,0.0,176350000.0,0.0
LPSLSLPTSECSGDLDLLSGWGNTK,0.0,0.0,0.0,0.0,0.0
LTNEELCLLK,0.0,0.0,0.0,450240.0,0.0
MDQDMVEDYR,0.0,0.0,0.0,38485000.0,0.0
MVGTGSMMMGLK,0.0,0.0,0.0,412900.0,0.0
NAPLTYGTSNMFCGAGYLEGGK,0.0,0.0,0.0,0.0,0.0
NHEEEMLLAR,0.0,0.0,0.0,409970.0,0.0
QLGLVDWGSGEETK,0.0,0.0,0.0,7615400.0,0.0
QPLEYNEGGK,0.0,0.0,0.0,0.0,0.0
SLGGASEMFMPDRLSNLEAQLTDVR,0.0,0.0,0.0,4632000.0,0.0
SYLQLVAPLFG,0.0,0.0,0.0,0.0,0.0
TDLEMQLESLNEELAYMK,0.0,0.0,0.0,0.0,0.0
THNLEGFQFESFLNNLR,0.0,0.0,0.0,0.0,0.0
TLGVLELSELNR,0.0,0.0,0.0,0.0,0.0
TSDYGLFQLNSR,0.0,0.0,0.0,0.0,0.0
TVLMGLDFMHK,0.0,0.0,0.0,0.0,0.0
VDTEMQYETLQEELMALKK,0.0,0.0,0.0,0.0,0.0
VYNSCPWLK,0.0,0.0,0.0,0.0,0.0
WEEGYQQESWWSASSLGGGFGNSR,0.0,0.0,0.0,0.0,0.0
WGELLQQVDTSTR,0.0,0.0,0.0,0.0,0.0
YFTLELLK,0.0,0.0,0.0,0.0,0.0
YLDGLVSDR,0.0,0.0,0.0,43242000.0,0.0
YTGPGQLTSNMFSTSSTAGYLEGGK,0.0,0.0,0.0,12223000.0,0.0
YTSDYQEFGFSAR,0.0,0.0,0.0,0.0,0.0
DPEVAQFAESLTEELAYLKR,0.0,0.0,0.0,0.0,0.0
DPQLLDTDAFATEELAYLKK,0.0,0.0,0.0,0.0,0.0
DVPLQLPNVELDPELQK,0.0,0.0,0.0,0.0,0.0
DVTYNTNGMTLQEELMALGK,0.0,0.0,0.0,0.0,0.0
EGPDDNEEGFFSAR,0.0,0.0,0.0,0.0,0.0
EPALNGDMHMNNSPDLNSQWVTAHR,0.0,0.0,0.0,14330000.0,0.0
KSELTTELDNNLEQLSSYKSELETLR,0.0,0.0,0.0,23329000.0,0.0
LASYLDRNKALEEANNDLENK,0.0,0.0,0.0,8247600.0,0.0
LEEEKEELLEGGQEDFESSGAAK,0.0,0.0,0.0,0.0,0.0
LKFEMVQQER,0.0,0.0,0.0,0.0,0.0
LQWWNSGGFCEKLSNLEAQLTDVR,0.0,0.0,0.0,4632000.0,0.0
LSGVGLDQPPYGLFVLAGNK,0.0,0.0,0.0,0.0,0.0
LSNWEEDLDALEHMFR,0.0,0.0,0.0,0.0,0.0
NGLDEVLYTGTVK,0.0,0.0,0.0,0.0,0.0
NGVQALELELQTNLALK,0.0,0.0,0.0,0.0,0.0
NLDLEEALQQAKEDLAR,0.0,0.0,0.0,0.0,0.0
NNENKYETQLTQLEHGEVSSSWQVQMNK,0.0,0.0,0.0,0.0,0.0
PLNLEPLFQGYLDSKLR,0.0,0.0,0.0,4932700.0,0.0
QLGLVSWGSGCGAQK,0.0,0.0,0.0,0.0,0.0
SGVEALLHALLR,0.0,0.0,0.0,2625400.0,0.0
TTGNYNPALDLENAYKK,0.0,0.0,0.0,0.0,0.0
VHAELAYNSNTLNNDLMLLK,0.0,0.0,0.0,35354000000.0,0.0
VQEDNLNVVEGQDQFLSASK,0.0,0.0,0.0,0.0,0.0
VSDNYVSEGLK,0.0,0.0,0.0,0.0,0.0
VTDLDSLLAELR,0.0,0.0,0.0,5816900.0,0.0
WELLQGAVDGYPK,0.0,0.0,0.0,0.0,0.0
WNNPLMVVEGNEQFLSASGK,0.0,0.0,0.0,0.0,0.0
WVVSAGKKNFGYTYVGGCAFHYGSNTYK,0.0,0.0,0.0,0.0,0.0
YAVQELEKQLQSQLSK,0.0,0.0,0.0,0.0,0.0
YEELQVWVK,0.0,0.0,0.0,0.0,0.0
YLDGLTEAR,0.0,0.0,0.0,0.0,0.0
YNTLDDLKDQLVDLTVGPMK,0.0,0.0,0.0,0.0,0.0
ASLYQLEEEYELNLK,0.0,0.0,0.0,0.0,0.0
EEVHLAYDSNTLNNDLMLLK,0.0,0.0,0.0,0.0,0.0
EPTTPRQVDTSTR,0.0,0.0,0.0,13984000.0,0.0
EVVLNQELEFLGGK,0.0,0.0,0.0,0.0,0.0
FPTFLDK,0.0,0.0,0.0,0.0,0.0
GYQGSGLSGWSNDHLMTMMQAFGGSSGGYGGLGGFGGGSFR,0.0,0.0,0.0,0.0,0.0
HGGGGGGFGGNFGSR,0.0,0.0,0.0,73890000.0,0.0
HWQYEKGCFEKLSNLEAQLTDVR,0.0,0.0,0.0,4632000.0,0.0
KSALSGLELNVLEGMSPKGVLR,0.0,0.0,0.0,0.0,0.0
LAGNLSSVGNSSTLK,0.0,0.0,0.0,0.0,0.0
LALDLELPFFK,0.0,0.0,0.0,0.0,0.0
LDNLEDALEQAKEDLAR,0.0,0.0,0.0,0.0,0.0
LEEEKEELLEGGQEDFESSGAGK,0.0,0.0,0.0,0.0,0.0
LEPLLELATYR,0.0,0.0,0.0,0.0,0.0
LPEYGFQNALLVR,0.0,0.0,0.0,0.0,0.0
LPLAMACANHHGK,0.0,0.0,0.0,1984500.0,0.0
LPSYLDVKQALEEANNDLENK,0.0,0.0,0.0,0.0,0.0
LYMMENYFESFLNNLR,0.0,0.0,0.0,0.0,0.0
NGNHGFGGNFSGR,0.0,0.0,0.0,0.0,0.0
NQYETQLTQLEHEVSSSGQEVQSGTK,0.0,0.0,0.0,0.0,0.0
SGNGGGGLGSQSVR,0.0,0.0,0.0,0.0,0.0
TAGNFDLTNSNFPMVYK,0.0,0.0,0.0,13354000.0,0.0
TNAEDEFVTLK,0.0,0.0,0.0,730420.0,0.0
TVDLDLSLAEVK,0.0,0.0,0.0,0.0,0.0
TVEVESLLAEVK,0.0,0.0,0.0,8385200.0,0.0
VAMDDFAAFVEK,0.0,0.0,0.0,20949000.0,0.0
VTGPNDLMLLK,0.0,0.0,0.0,2871200.0,0.0
VVLGMDVAAAFYER,0.0,0.0,0.0,0.0,0.0
VVLGMDVAASEFFR,0.0,0.0,0.0,0.0,0.0
WSEYGGMWDYGGLGGFGGGSFR,0.0,0.0,0.0,0.0,0.0
YEQEMQYETLKEELPGLQGK,0.0,0.0,0.0,0.0,0.0
YEQEMQYETLKEPNNALK,0.0,0.0,0.0,0.0,0.0
YFGELLEGSLR,0.0,0.0,0.0,0.0,0.0
YGTDNLNVVEGNEQFLSASK,0.0,0.0,0.0,0.0,0.0
DPDTVYYDVLMHMLDR,0.0,0.0,0.0,0.0,0.0
FGNGGGSSFGGGSGFSGNFNGGFGGGR,0.0,0.0,0.0,0.0,0.0
FPCLVTYSNTLNNDLMLLK,0.0,0.0,0.0,0.0,0.0
GYTPALLSDTMFLEYACSPVEEAGYLENK,0.0,0.0,0.0,0.0,0.0
KLDFTTTFFPPVFK,0.0,0.0,0.0,0.0,0.0
LALDLELAYTR,0.0,0.0,0.0,0.0,0.0
LEKELTEYHNLLEGGQEDFESSGAGK,0.0,0.0,0.0,0.0,0.0
LGSVEEQLAQLR,0.0,0.0,0.0,23030000.0,0.0
LPAGMEMSYFMPTAGYLEGGK,0.0,0.0,0.0,0.0,0.0
LPDENLNVLEGNVNLDYASK,0.0,0.0,0.0,0.0,0.0
LPEDLRNVVEGQVNANNAHR,0.0,0.0,0.0,0.0,0.0
LSLSTSYQGR,0.0,0.0,0.0,0.0,0.0
NLSLSLPTYGWGSMHTLSGWGNTK,0.0,0.0,0.0,266150000.0,0.0
NNYDEELLSLK,0.0,0.0,0.0,0.0,0.0
NYSMVSYEVQDSLKDQLVDLTVGGGNK,0.0,0.0,0.0,0.0,0.0
QKVEGLEDALQK,0.0,0.0,0.0,0.0,0.0
QVAGLMQLLEDWLLLQLDNAR,0.0,0.0,0.0,0.0,0.0
QVQFGYSYGNSMGFSASSLGGGFGNSR,0.0,0.0,0.0,0.0,0.0
SDLEMQYETLREELMALKK,0.0,0.0,0.0,3124800.0,0.0
TNLDDLKDQLVDLTVGNNK,0.0,0.0,0.0,0.0,0.0
VAFLLDDK,0.0,0.0,0.0,0.0,0.0
VHEALAYEEYTLNNDPVLLK,0.0,0.0,0.0,0.0,0.0
VMDYGCSWLK,0.0,0.0,0.0,0.0,0.0
VNDEVTLVNLLTNR,0.0,0.0,0.0,0.0,0.0
WGDLSGVLDYELLDQDAR,0.0,0.0,0.0,0.0,0.0
YDALAELYSPMPHLSDTSVVLSMDNNR,0.0,0.0,0.0,0.0,0.0
YNTNNDLKDKLVDLTVGNNKTLLDLDNEK,0.0,0.0,0.0,76987000.0,0.0
ADLEMQLENLKEELAYLKK,0.0,0.0,0.0,17531000.0,0.0
DGPENEFVTLK,0.0,0.0,0.0,23447000.0,0.0
DSLQMQYETLQEELMAKLK,0.0,0.0,0.0,0.0,0.0
EALLVQPELK,0.0,0.0,0.0,6636700.0,0.0
EAPEADLNVAR,0.0,0.0,0.0,80009000.0,0.0
EKLSLPTSMLMYMYLSGWGNTGK,0.0,0.0,0.0,0.0,0.0
ELNQLASMELGASQLSMK,0.0,0.0,0.0,17320000.0,0.0
ELTSKTELDNDLEQLSSYK,0.0,0.0,0.0,0.0,0.0
ESSDRNEEAGAGGGFGSR,0.0,0.0,0.0,564650.0,0.0
FGDLVENVDHVKKGVSENAPR,0.0,0.0,0.0,22316000.0,0.0
FSAQFEEFVPLMAR,0.0,0.0,0.0,0.0,0.0
GPLYLMEQNLR,0.0,0.0,0.0,1778900.0,0.0
LDVELLR,0.0,0.0,0.0,5404700.0,0.0
LEKELEWSQNLLEGGQEDFESSGAGK,0.0,0.0,0.0,41459000.0,0.0
LLLLADGGPQALVQLMR,0.0,0.0,0.0,9074000.0,0.0
LLYQEPVLVPGR,0.0,0.0,0.0,0.0,0.0
LPENPLGGASSGEVSGPMLSASK,0.0,0.0,0.0,0.0,0.0
LTFEYMLLK,0.0,0.0,0.0,6238600.0,0.0
MPALLQEQASK,0.0,0.0,0.0,8536800.0,0.0
MTATLDDLKDQLVDLTVGNNK,0.0,0.0,0.0,1031100.0,0.0
NAGGPPGLELELQSQLSGK,0.0,0.0,0.0,0.0,0.0
NGSGGGFSASSLGGGFGSNR,0.0,0.0,0.0,8674300.0,0.0
NHGVAGELELELAGSAGLSK,0.0,0.0,0.0,0.0,0.0
QLGLVSWGSEESCK,0.0,0.0,0.0,1597500.0,0.0
QMDHEVNSNLK,0.0,0.0,0.0,140140.0,0.0
QSVEADLNVAR,0.0,0.0,0.0,2155800.0,0.0
QVVVEGNEQFLSASK,0.0,0.0,0.0,2144900.0,0.0
SGSGTSYPDVLK,0.0,0.0,0.0,0.0,0.0
SSGTSSGVSSVLK,0.0,0.0,0.0,8307900.0,0.0
TPALSMPTFTANGSNDLLSGWGNTK,0.0,0.0,0.0,0.0,0.0
TSMQERADK,0.0,0.0,0.0,0.0,0.0
TVGASLHSESAFTEELAYLGK,0.0,0.0,0.0,0.0,0.0
VAARVGLELELQSQLSMK,0.0,0.0,0.0,0.0,0.0
WLHLKAYFATGGSGGCLMSLFK,0.0,0.0,0.0,0.0,0.0
YEELQVTQR,0.0,0.0,0.0,6896600.0,0.0
YEQEMQYETLKEHMALGKK,0.0,0.0,0.0,0.0,0.0
CPEKNLVNSNTLNDDLMLLK,0.0,0.0,0.0,0.0,0.0
DYSEMYNTLETLKDQLVDLTVGNNK,0.0,0.0,0.0,0.0,0.0
DYSPYYNTLWRENELVDLTVGPMK,0.0,0.0,0.0,0.0,0.0
ELGNMADLESLTEELAYLKK,0.0,0.0,0.0,0.0,0.0
FFYVSWLK,0.0,0.0,0.0,0.0,0.0
HPGVGNKLELELEDGLSK,0.0,0.0,0.0,0.0,0.0
KTYSEFYPEYGAR,0.0,0.0,0.0,17957000.0,0.0
LGASYTLAAVQALEEANNDLENK,0.0,0.0,0.0,29062000.0,0.0
LPEPRANLEPLFKGYLDSLKR,0.0,0.0,0.0,0.0,0.0
NDKLSETNVLLSMDNNR,0.0,0.0,0.0,0.0,0.0
QAELSQMQTQLSETNVLLSMDNNR,0.0,0.0,0.0,58592000.0,0.0
QVDLDSLLVDVK,0.0,0.0,0.0,0.0,0.0
QVSLNSGYHFEEWGKKFFHYGSNTYK,0.0,0.0,0.0,139140000.0,0.0
RASYLWRQALEEANNDLENK,0.0,0.0,0.0,0.0,0.0
RELYQAELSQMGATKLSETNVLLSMDNNR,0.0,0.0,0.0,0.0,0.0
TAAEQDFVTLK,0.0,0.0,0.0,5803300.0,0.0
TSQNSELDNMQDLVEDYKK,0.0,0.0,0.0,0.0,0.0
TVVAVNTK,0.0,0.0,0.0,2771000.0,0.0
TVVHPSYDSDTLNNDLMLLK,0.0,0.0,0.0,0.0,0.0
VLLNGNPLTLFDYLHPSK,0.0,0.0,0.0,0.0,0.0
VPEDNLNVVEEWPYLSASK,0.0,0.0,0.0,0.0,0.0
VPSLSLWWMEWADLLSGWGNTK,0.0,0.0,0.0,0.0,0.0
WGGNNLNVVEGGWQFLSASGK,0.0,0.0,0.0,0.0,0.0
WSVEFNANHLMLFFLR,0.0,0.0,0.0,798500.0,0.0
WYLLAYNSNTLNNDLMLLK,0.0,0.0,0.0,0.0,0.0
YNSEMYLESWRKDQLVDLTVGNGGGK,0.0,0.0,0.0,0.0,0.0
YNSHHLDDKLNVNQQHVDLTVGNGGNK,0.0,0.0,0.0,0.0,0.0
YNTLRWEDKLVDLTVGNNKTLLDLDENK,0.0,0.0,0.0,0.0,0.0
YSLTYLYTGLSK,0.0,0.0,0.0,0.0,0.0
ASSYVDPLK,0.0,0.0,0.0,385150.0,0.0
DCKSMAPNVWWSTSHTTLDMVR,0.0,0.0,0.0,0.0,0.0
ELNQLAAAFESKPEGSMK,0.0,0.0,0.0,0.0,0.0
EVENAEYEWRKTLEHEVSSSWQVQMNK,0.0,0.0,0.0,0.0,0.0
HTNLERPNGQAEMDRRAR,0.0,0.0,0.0,20048000.0,0.0
KPENQFASFLDKVR,0.0,0.0,0.0,0.0,0.0
LASYLDNLKALEEAPMDLQDKLQDWYDK,0.0,0.0,0.0,0.0,0.0
LLQSLVSSLTALSR,0.0,0.0,0.0,0.0,0.0
LNYGLPALVK,0.0,0.0,0.0,25384000.0,0.0
LPALMFCVECEYAGYLEGGK,0.0,0.0,0.0,0.0,0.0
NGLDLDSLLAEVK,0.0,0.0,0.0,0.0,0.0
NGMQDMVEDYR,0.0,0.0,0.0,190310.0,0.0
NVGPVSEHRTYFASNLEAQLTDVR,0.0,0.0,0.0,0.0,0.0
NVSYNHDFPWQAPRDLTQLLDNMR,0.0,0.0,0.0,0.0,0.0
QAYEELQGR,0.0,0.0,0.0,14644000.0,0.0
QQNNLQQVDTSTR,0.0,0.0,0.0,0.0,0.0
THNLEPPQDESFLNNLR,0.0,0.0,0.0,0.0,0.0
THNLERPYFESFLNNLR,0.0,0.0,0.0,9407900.0,0.0
VPDLQPLNVK,0.0,0.0,0.0,0.0,0.0
WELQFAMQFAAR,0.0,0.0,0.0,0.0,0.0
WLPMEPALQQHGLEMPAR,0.0,0.0,0.0,0.0,0.0
YFMSKMQTKLSETNVLLSMDNNR,0.0,0.0,0.0,0.0,0.0
YNVSWLK,0.0,0.0,0.0,10946000.0,0.0
CAAPLQHLLEQLK,0.0,0.0,0.0,0.0,0.0
EGEAWFQDK,0.0,0.0,0.0,0.0,0.0
EPLYLTEELYK,0.0,0.0,0.0,0.0,0.0
ESHEYQVLLDVR,0.0,0.0,0.0,0.0,0.0
FESFLNQVR,0.0,0.0,0.0,0.0,0.0
GHGTLEPYFESFLDNLR,0.0,0.0,0.0,0.0,0.0
HGVQELELELQTNLSKK,0.0,0.0,0.0,6263400.0,0.0
LASYPRCVKALEEAWRNQDKLQDWYDK,0.0,0.0,0.0,0.0,0.0
LNALEEAPMDLENKLQDWYDK,0.0,0.0,0.0,0.0,0.0
LPNVEPLNVK,0.0,0.0,0.0,4326600.0,0.0
NELLNLTTDNANLLLQLDNAR,0.0,0.0,0.0,0.0,0.0
QPVSTVKPTLVEVSR,0.0,0.0,0.0,1042200.0,0.0
QSLLQPLGGVK,0.0,0.0,0.0,12869000.0,0.0
QSQNYVSEGLK,0.0,0.0,0.0,15556000.0,0.0
QVSLNSGYHFEPDTWEFFHVCNNRVK,0.0,0.0,0.0,0.0,0.0
RDYDRKVRLEEANNDLENK,0.0,0.0,0.0,0.0,0.0
SFYSEEEGHLEKLSNLEAQLTDVR,0.0,0.0,0.0,4632000.0,0.0
SLDPRLDDVEGQVGSFLSASK,0.0,0.0,0.0,16323000.0,0.0
SWNGNSFGFFESGGGFGGGGFGNR,0.0,0.0,0.0,359700000.0,0.0
TDLEMQLEVAK,0.0,0.0,0.0,27598000.0,0.0
TDLETRLR,0.0,0.0,0.0,95658000.0,0.0
TLSENANLLLQLDNAR,0.0,0.0,0.0,0.0,0.0
TNLQAQLSALEEQLQQLR,0.0,0.0,0.0,17799000.0,0.0
TVAELEQLQQLR,0.0,0.0,0.0,17384000.0,0.0
TVDLSSYLAEVK,0.0,0.0,0.0,0.0,0.0
VCVALDWLK,0.0,0.0,0.0,0.0,0.0
VGDDYVSGELK,0.0,0.0,0.0,5006100.0,0.0
VTYNLSNK,0.0,0.0,0.0,519670.0,0.0
WNNNRNVVEGNEQFLSASK,0.0,0.0,0.0,17146000.0,0.0
YEVLGQER,0.0,0.0,0.0,0.0,0.0
YGNTLDDLKDQLVDLTVGNNK,0.0,0.0,0.0,0.0,0.0
ALSYLDKVQANEKANNDLENKLQDWYDK,0.0,0.0,0.0,0.0,0.0
ANGELPPHHPTVLQQVDTSTR,0.0,0.0,0.0,0.0,0.0
DLLPFVVDLLNQELEFLK,0.0,0.0,0.0,12549000.0,0.0
EYDGAGYLEGGK,0.0,0.0,0.0,6444400.0,0.0
HGVQELELELQSKLWAK,0.0,0.0,0.0,0.0,0.0
HSSYLDKVKALEEANNDLKDKLQDWYDK,0.0,0.0,0.0,0.0,0.0
LAGAFAALLQTEDVPK,0.0,0.0,0.0,0.0,0.0
LASYDRKALALEEANDNLQDKLQDWYDK,0.0,0.0,0.0,0.0,0.0
LLELLTESLR,0.0,0.0,0.0,20517000.0,0.0
LPEDNLNVQGSDYQFLSASK,0.0,0.0,0.0,0.0,0.0
LPEDNLNVVEGNEQFLSASGK,0.0,0.0,0.0,0.0,0.0
LPLAQTGMSAMDK,0.0,0.0,0.0,108560000.0,0.0
LPLDLELATYR,0.0,0.0,0.0,0.0,0.0
LSGDMSSNVTVSVTSSTLSSNVASK,0.0,0.0,0.0,21624000.0,0.0
LTGEGLSPSPNLYLSK,0.0,0.0,0.0,27450000.0,0.0
THMAKKLTK,0.0,0.0,0.0,4347200.0,0.0
TPELLQQVDWMK,0.0,0.0,0.0,0.0,0.0
VDTEMQYETLQQSGLMAKLK,0.0,0.0,0.0,23597000.0,0.0
VGDGNYVSEGLK,0.0,0.0,0.0,0.0,0.0
VGDNYVSGELGK,0.0,0.0,0.0,0.0,0.0
VSVVALLVK,0.0,0.0,0.0,0.0,0.0
YSLADRALKALEEANNDLQDKLQDWYDK,0.0,0.0,0.0,0.0,0.0
ASYPGAGLTSNMFEMRVQDSANFAGYLENK,0.0,0.0,0.0,0.0,0.0
DNVLSQNDMKLSETNVLLSMDNNR,0.0,0.0,0.0,0.0,0.0
DVQALELELQSQLALK,0.0,0.0,0.0,0.0,0.0
EKYPYNMLTYVYQK,0.0,0.0,0.0,25423000.0,0.0
KEPKVVPELDEPLQK,0.0,0.0,0.0,60352000.0,0.0
KLTGLQDWYASPK,0.0,0.0,0.0,4196500.0,0.0
KMSLEPSYEKNEWHFPYHRGGGGGSFGAGGGFGSR,0.0,0.0,0.0,0.0,0.0
LDEDNLNVVEGNEQFLSASK,0.0,0.0,0.0,0.0,0.0
LEPAWVPFDPAAQLTK,0.0,0.0,0.0,0.0,0.0
LLLALDGGPQALVQLMR,0.0,0.0,0.0,0.0,0.0
LPEDNLNVVENGEQFLSASGK,0.0,0.0,0.0,0.0,0.0
MFVLNYTTDGNGLAMK,0.0,0.0,0.0,232190.0,0.0
NKGPVGYTK,0.0,0.0,0.0,0.0,0.0
QVEDVLGGTFHYK,0.0,0.0,0.0,0.0,0.0
SWGGGNSFGFFESGGGFGGGGFGNR,0.0,0.0,0.0,0.0,0.0
SYGNHSPTSASSLGGGFGGGSR,0.0,0.0,0.0,5823000.0,0.0
VDDAAYMNKVELEAK,0.0,0.0,0.0,1053300.0,0.0
VSNNNLDVVENGEQFLSASK,0.0,0.0,0.0,249660000.0,0.0
WELLQKVNMPNKNRAAEPLFQGYLDKSLR,0.0,0.0,0.0,9058600.0,0.0
WRWLEHNVVEGNAVNLMFSK,0.0,0.0,0.0,6116200.0,0.0
YEQECRYETLKEHMALGKK,0.0,0.0,0.0,0.0,0.0
EKDVSLYTAEVK,0.0,0.0,0.0,0.0,0.0
ERENQYETQLHEEWRVSSSGQEVQSGTK,0.0,0.0,0.0,0.0,0.0
GSGGGGGGLGSGEKR,0.0,0.0,0.0,22093.0,0.0
LASYNLEVKALEEANNDLQDKLQDWYDK,0.0,0.0,0.0,0.0,0.0
MFSSWLEGGK,0.0,0.0,0.0,29012000.0,0.0
NELLLNTSENARALLQLDNAR,0.0,0.0,0.0,0.0,0.0
QADPFWSEPPYTGQEK,0.0,0.0,0.0,326260000.0,0.0
QLPDWEEVPWAPVRSQEQTR,0.0,0.0,0.0,0.0,0.0
QNVALELELQSQLALNK,0.0,0.0,0.0,0.0,0.0
QSLNNDLMLLK,0.0,0.0,0.0,0.0,0.0
QVDLEEAQLQAK,0.0,0.0,0.0,0.0,0.0
TAVSHALLSLEPR,0.0,0.0,0.0,187690.0,0.0
TLLDLDWGK,0.0,0.0,0.0,0.0,0.0
TSMQELNSR,0.0,0.0,0.0,207750000.0,0.0
VLLNGNPLTLFQER,0.0,0.0,0.0,6379800.0,0.0
VSEELEDLLK,0.0,0.0,0.0,6784800.0,0.0
WHCAPLPANLLTMYMMYDHWAGYLENK,0.0,0.0,0.0,0.0,0.0
YSLTYLYTAVSK,0.0,0.0,0.0,0.0,0.0
CHGDDQYLPETLAGEELPLGKK,0.0,0.0,0.0,0.0,0.0
EGWYDEEFGFSAR,0.0,0.0,0.0,541360.0,0.0
GDMNYVSGELK,0.0,0.0,0.0,10614000.0,0.0
GTYPGQLTSNMFLVYCMRPEEAGYLENK,0.0,0.0,0.0,0.0,0.0
LGAGLVSWGSYSSGDPLK,0.0,0.0,0.0,0.0,0.0
LPFYPLYGKFLPELKFVAGTR,0.0,0.0,0.0,0.0,0.0
LRMSLPTSMTSGSTGPNLSGWGNTK,0.0,0.0,0.0,279560000.0,0.0
NAPLTSNYTGMFCGAGYLEGGK,0.0,0.0,0.0,0.0,0.0
SNLGGGFSSGGFSNSFSR,0.0,0.0,0.0,0.0,0.0
TEAEGCQNTEYQQLLDLK,0.0,0.0,0.0,0.0,0.0
TGLLDLDQSR,0.0,0.0,0.0,0.0,0.0
TLNDDLMLLK,0.0,0.0,0.0,0.0,0.0
TVGLSSADMGYYVKGCLLSGWGNTK,0.0,0.0,0.0,7630000.0,0.0
TVLSTSGQYR,0.0,0.0,0.0,0.0,0.0
VPHQELELELQTNLSKK,0.0,0.0,0.0,36422000.0,0.0
YFYNAK,0.0,0.0,0.0,1105200.0,0.0
YNTYRHKDQLVDLTVGNNK,0.0,0.0,0.0,0.0,0.0
DGPGVLQQSLSDAMAPK,0.0,0.0,0.0,0.0,0.0
EANNQQAAGFLDK,0.0,0.0,0.0,0.0,0.0
ESGPGSDDANAGAGGGFGSR,0.0,0.0,0.0,0.0,0.0
FMSVLLLPSHSK,0.0,0.0,0.0,12478000.0,0.0
FPSFLDK,0.0,0.0,0.0,1529500.0,0.0
GLLTATVDNAAAALLQLDNAR,0.0,0.0,0.0,0.0,0.0
LALELELATYR,0.0,0.0,0.0,8536700.0,0.0
LPEDNLAAVVEGQDQFLSASK,0.0,0.0,0.0,0.0,0.0
LPEDNLNVVEVNEQFLSASK,0.0,0.0,0.0,0.0,0.0
LPEDNLPHGVEGQDQFLSASK,0.0,0.0,0.0,6556200.0,0.0
LPEDRLNVVEGQDQFLSASK,0.0,0.0,0.0,0.0,0.0
NSKLELSENLR,0.0,0.0,0.0,0.0,0.0
NSTAFNNDVPLLK,0.0,0.0,0.0,1779500.0,0.0
NTREDLTQLMVPPR,0.0,0.0,0.0,0.0,0.0
QLGLVSWSGDSWR,0.0,0.0,0.0,9483300.0,0.0
RHQELELELQSKLEEK,0.0,0.0,0.0,11421000.0,0.0
SFGSCGGGGGSFGAGGGFGSR,0.0,0.0,0.0,0.0,0.0
SLKYGNSK,0.0,0.0,0.0,595640.0,0.0
TMGGMYPDVLK,0.0,0.0,0.0,0.0,0.0
VEFNALATGK,0.0,0.0,0.0,4072500.0,0.0
WLDNLNVVFDDDSFLSASK,0.0,0.0,0.0,0.0,0.0
YFGELLADVTR,0.0,0.0,0.0,0.0,0.0
EEMSQLTGQNSGDVNVELNVAPGK,0.0,0.0,0.0,0.0,0.0
EKSTAASEKTASAGTQSSVLSGWGNTK,0.0,0.0,0.0,0.0,0.0
LPEDNLNYYSVDKFLSASK,0.0,0.0,0.0,0.0,0.0
LQGLVSWGSGCGAQGKNKPGVYTK,0.0,0.0,0.0,76133.0,0.0
MGSNYVSMSLK,0.0,0.0,0.0,726200.0,0.0
NSTFANNDLPVLK,0.0,0.0,0.0,2819600.0,0.0
QALSALEEQLQQLR,0.0,0.0,0.0,5495300.0,0.0
QDTLTDELNLFR,0.0,0.0,0.0,0.0,0.0
QPVDADLDVAR,0.0,0.0,0.0,0.0,0.0
RDQHMCNQEYLSLLSLK,0.0,0.0,0.0,0.0,0.0
SMCNYVSWLK,0.0,0.0,0.0,3149900.0,0.0
SSDAGDGNDVLK,0.0,0.0,0.0,0.0,0.0
TAGLLVNEMAAPLAVQTELK,0.0,0.0,0.0,0.0,0.0
VAAGLVSWGSGCAGQK,0.0,0.0,0.0,0.0,0.0
WDYKLDKLASYLDQVQALEEANNDLENK,0.0,0.0,0.0,0.0,0.0
WSVEFNANHPFLFFLR,0.0,0.0,0.0,9213300.0,0.0
YSELPDGQVLTLGNER,0.0,0.0,0.0,0.0,0.0
YTMALQLFSQNLSSVK,0.0,0.0,0.0,2087800.0,0.0
DDHEMDTQFPVSNAGYLEGGK,0.0,0.0,0.0,6903500.0,0.0
DPDPDNMVDVFMDHLDLDHNK,0.0,0.0,0.0,0.0,0.0
ELTHDDYSDLNSLLQDRPTDLFDETR,0.0,0.0,0.0,0.0,0.0
HAADPNLTNSNYPDVYK,0.0,0.0,0.0,81097000.0,0.0
HVSLHKRNMTHDDDLMLLK,0.0,0.0,0.0,15902000.0,0.0
LPLAQCYYTYK,0.0,0.0,0.0,10525000.0,0.0
LPLATYMDEDYSAGYLEGGK,0.0,0.0,0.0,5450300.0,0.0
MEYSNYHRLMDPKDQLVDLTVGPMK,0.0,0.0,0.0,0.0,0.0
MTDLDFR,0.0,0.0,0.0,33659000.0,0.0
NQSTSELNNMQDLVEDYKK,0.0,0.0,0.0,17240000.0,0.0
QVMSDNLLAEK,0.0,0.0,0.0,205760.0,0.0
TAFNNDLLPVK,0.0,0.0,0.0,182830.0,0.0
VTDLDSLLEALR,0.0,0.0,0.0,0.0,0.0
YNGSPYYNTLDDLKDQLVDLTVGGGNK,0.0,0.0,0.0,34701000.0,0.0
AEGPVQLSNFAEAGALTDVR,0.0,0.0,0.0,0.0,0.0
DLQDNLNVVEGNEQFLSASK,0.0,0.0,0.0,103570000.0,0.0
EGVNDNEGFFSAR,0.0,0.0,0.0,1865300.0,0.0
ELSPNYECCSAGTKCLLSGWGNTK,0.0,0.0,0.0,0.0,0.0
LAKGDLELATYR,0.0,0.0,0.0,4092100.0,0.0
LEWHFCFTDEKLSNLEAQLTDVR,0.0,0.0,0.0,4632000.0,0.0
LPEDNLNVQGEVVNLYEASK,0.0,0.0,0.0,0.0,0.0
LSGFLEPVLGYGKLVFR,0.0,0.0,0.0,2659400.0,0.0
NQLEPLFEYQLDNLR,0.0,0.0,0.0,0.0,0.0
QLGLVSWGSGNYHNPSDAGYLEGGK,0.0,0.0,0.0,5833900.0,0.0
QMNYVSTVMK,0.0,0.0,0.0,3855200.0,0.0
RLYDAELTLNHQSVTDTNVLLSMDNSR,0.0,0.0,0.0,0.0,0.0
TFALYMEQNLR,0.0,0.0,0.0,1155500.0,0.0
TVLGNTLFLDQR,0.0,0.0,0.0,5634400.0,0.0
VTSLSVAR,0.0,0.0,0.0,0.0,0.0
YEQEMQYETLKEELPLGQK,0.0,0.0,0.0,225650000.0,0.0
YFVKKEFTWSRYFRWEDQLVDLTVGNNK,0.0,0.0,0.0,0.0,0.0
AVELSELNR,0.0,0.0,0.0,0.0,0.0
CHNLMRNLLEGGQEDFESSGAGK,0.0,0.0,0.0,19591000.0,0.0
EARYWKALAQKEANNDLENK,0.0,0.0,0.0,21353000.0,0.0
EAVHPSYRSNTLNNDLMLLK,0.0,0.0,0.0,0.0,0.0
LLLQLDANR,0.0,0.0,0.0,31810000.0,0.0
LPALMFSDSSYEEGYLEGGK,0.0,0.0,0.0,449500000.0,0.0
LPEDNLNVVEGNEQFLSATK,0.0,0.0,0.0,0.0,0.0
LTELGAGLLNDLQR,0.0,0.0,0.0,7844100.0,0.0
MRKAESLYTMPGYEELQLTAGR,0.0,0.0,0.0,0.0,0.0
NAGGGLPMKMLENLLLQLDNAR,0.0,0.0,0.0,0.0,0.0
NNFGNSAEMGSMR,0.0,0.0,0.0,321290000.0,0.0
NNKDQYETQLTQLEGHEVSSSWQVQMNK,0.0,0.0,0.0,0.0,0.0
THNLEPYFESFLNTHK,0.0,0.0,0.0,6682300.0,0.0
TVDLKEYTEVK,0.0,0.0,0.0,0.0,0.0
VLLNGDPLTLFQERDPSK,0.0,0.0,0.0,11212000.0,0.0
EDEYYNAK,0.0,0.0,0.0,234290000.0,0.0
EVDSLSLLAEVAGAKYEDLAKGASK,0.0,0.0,0.0,1561000.0,0.0
HDFPALPNALLTSNMEYYDTDSAGYLENK,0.0,0.0,0.0,241840000.0,0.0
HGGTLEPYFESFLNNLR,0.0,0.0,0.0,4860300000.0,0.0
KQPFSHALQK,0.0,0.0,0.0,0.0,0.0
LASYLDVK,0.0,0.0,0.0,0.0,0.0
LATTLHNLLLYQEGAK,0.0,0.0,0.0,0.0,0.0
LNSLSMAQMPASAGTKSDALSGWGNTK,0.0,0.0,0.0,0.0,0.0
LSEPNHVAMNQDMVEDYR,0.0,0.0,0.0,23521000.0,0.0
MLLLKWLHDNNLTNSSNNK,0.0,0.0,0.0,0.0,0.0
QNFASFLDK,0.0,0.0,0.0,0.0,0.0
QSLLTPLNLQLDPTLQR,0.0,0.0,0.0,4315300.0,0.0
SSCSLKSKLELELGRPPK,0.0,0.0,0.0,0.0,0.0
SSGTEYPDVLK,0.0,0.0,0.0,5668700.0,0.0
THNLEPYFEAYLDRNLR,0.0,0.0,0.0,0.0,0.0
VCNYISWIK,0.0,0.0,0.0,8200700.0,0.0
VDDNAYMLK,0.0,0.0,0.0,10882000.0,0.0
VDEVDLLNSNTLNNDLTLLK,0.0,0.0,0.0,8286700.0,0.0
VVGPLSQDLHGMLEMPDLR,0.0,0.0,0.0,0.0,0.0
WNVHSNVVEEMPAFLSASK,0.0,0.0,0.0,35805000.0,0.0
WWMLFVPLFRLHLPHLWKMLMLNDNLTNSNYSPYVR,0.0,0.0,0.0,0.0,0.0
YGVNNDVPLLK,0.0,0.0,0.0,9867200.0,0.0
DGFWGSGGSSYGSGGGSYGSGGGGGNR,0.0,0.0,0.0,0.0,0.0
ELHWMTWQLTADLSGDVNVELNVAGPK,0.0,0.0,0.0,1937400.0,0.0
ELQVLYYALELELERMR,0.0,0.0,0.0,0.0,0.0
EPAEADLDGLR,0.0,0.0,0.0,0.0,0.0
HLVDEQPNLLK,0.0,0.0,0.0,0.0,0.0
LAELEELAQK,0.0,0.0,0.0,2523100.0,0.0
LATGHLEEVVLALLK,0.0,0.0,0.0,520840.0,0.0
LETTELDMPLEQLSSYKSELETLR,0.0,0.0,0.0,0.0,0.0
LSDDQFASFLDK,0.0,0.0,0.0,6956700.0,0.0
MPWNPVFVEGNAVSFLSASK,0.0,0.0,0.0,38100000.0,0.0
QGVDADVPPSR,0.0,0.0,0.0,100820000.0,0.0
QNVALELELQSQLALGK,0.0,0.0,0.0,0.0,0.0
SALKQSLEASLAETEGR,0.0,0.0,0.0,95605000.0,0.0
SPPTETLDNNLEQLSSYK,0.0,0.0,0.0,0.0,0.0
TGELTDELNFLR,0.0,0.0,0.0,0.0,0.0
TGYNLADVFEKK,0.0,0.0,0.0,12775000.0,0.0
TVNNQFASFLEK,0.0,0.0,0.0,0.0,0.0
WNNNLNVVEYHQFLSASK,0.0,0.0,0.0,6100000.0,0.0
YLEMGEVNDPVEGPK,0.0,0.0,0.0,69022000.0,0.0
DLPLEESPQQAK,0.0,0.0,0.0,0.0,0.0
EARYGMSDAEVK,0.0,0.0,0.0,0.0,0.0
LPAMFFCHEWHAGYLEGGK,0.0,0.0,0.0,0.0,0.0
LPEDNLMVVEGQVGSFLSASK,0.0,0.0,0.0,0.0,0.0
LPGLTPMARGHR,0.0,0.0,0.0,0.0,0.0
LTKEANSGVEALLAGHLLR,0.0,0.0,0.0,0.0,0.0
QKVAELEEALQK,0.0,0.0,0.0,0.0,0.0
QLQNLLQATSR,0.0,0.0,0.0,0.0,0.0
QNEYSLLLSLK,0.0,0.0,0.0,0.0,0.0
QNVRALELELQSQLALK,0.0,0.0,0.0,83075000.0,0.0
RGQALELELQSQLALKQSLEASLAETEGR,0.0,0.0,0.0,95605000.0,0.0
SPGSLKAQLSALEEQLQQLR,0.0,0.0,0.0,0.0,0.0
TNAQYGYETLK,0.0,0.0,0.0,1059000.0,0.0
VLLEDTLTK,0.0,0.0,0.0,0.0,0.0
YELFLTMEK,0.0,0.0,0.0,0.0,0.0
YGTAPLLCVTMFDMWWMLEEAGYLENK,0.0,0.0,0.0,0.0,0.0
YSSPYDMLESLR,0.0,0.0,0.0,10110000.0,0.0
APALDHALFGHSFASFLDKVR,0.0,0.0,0.0,22676000.0,0.0
CFDDYVTGDLK,0.0,0.0,0.0,17593000.0,0.0
DPTAEQFQEKNEKFQQALDSR,0.0,0.0,0.0,0.0,0.0
LALDLELVYSR,0.0,0.0,0.0,0.0,0.0
LPEDNPNDVEQGHGSFLSASK,0.0,0.0,0.0,0.0,0.0
MFFDAELTNMQTHVSDTSVVLSMDNNR,0.0,0.0,0.0,88279000.0,0.0
NGVQALELELQSQLALK,0.0,0.0,0.0,0.0,0.0
QDLEMQLESLTEELAYLKK,0.0,0.0,0.0,0.0,0.0
RDYLDQWSYLDQVQALEEANNDLENK,0.0,0.0,0.0,90497000.0,0.0
SPGGGGGGLGVNTSR,0.0,0.0,0.0,0.0,0.0
TLNNDLMLLGK,0.0,0.0,0.0,0.0,0.0
VTDLDTVLDGLR,0.0,0.0,0.0,0.0,0.0
WYSLCLFSFGTLNNDLLVPK,0.0,0.0,0.0,0.0,0.0
CPGLSLPTYWNDLDLLSGWGNTK,0.0,0.0,0.0,0.0,0.0
DDAYDDEATEYQQLLDLK,0.0,0.0,0.0,69199000.0,0.0
GYTAPLLSDTMFDMFDTGHLGFAGYLENK,0.0,0.0,0.0,964430.0,0.0
KGGLLNDVAAFENLLLQLDNAR,0.0,0.0,0.0,3171100.0,0.0
LELSEVQR,0.0,0.0,0.0,0.0,0.0
LSGDLYLGSYGFTALQGGLR,0.0,0.0,0.0,1356300.0,0.0
MFANNVYVSWLK,0.0,0.0,0.0,5384500.0,0.0
THGNLEPYFESFLDLNR,0.0,0.0,0.0,0.0,0.0
VEGVETVDMQPQYRTWTFHYGSNTYK,0.0,0.0,0.0,36783000.0,0.0
VQDLDSLLAEVR,0.0,0.0,0.0,0.0,0.0
DVTEEPSYETLQEELMVPPVR,0.0,0.0,0.0,55261000.0,0.0
GPQLTDSYMSAFCGAGYLEGGK,0.0,0.0,0.0,0.0,0.0
KDVHPSYNSNTLNNDLMLLK,0.0,0.0,0.0,48243000.0,0.0
KLGCEVLGVSVDSQFTHLAWINTPR,0.0,0.0,0.0,6348700.0,0.0
LPDYEARVAFQSLQLSLGVR,0.0,0.0,0.0,14022000.0,0.0
LPEDNLNVVEGNEQFLEASK,0.0,0.0,0.0,0.0,0.0
QSVEADLDRVAR,0.0,0.0,0.0,547290.0,0.0
SNVTPTNLDELMFVAGMMFDHR,0.0,0.0,0.0,32203000.0,0.0
VAALDVELATYR,0.0,0.0,0.0,0.0,0.0
VTLAEVLVK,0.0,0.0,0.0,3508800.0,0.0
YETELQVR,0.0,0.0,0.0,275840.0,0.0
DCQSMAPNVSVSVSTSHTTLDMVR,0.0,0.0,0.0,12972000.0,0.0
FASFLDKGVR,0.0,0.0,0.0,6971100.0,0.0
MLEVGQLLLASDDGFK,0.0,0.0,0.0,1012500.0,0.0
VNVELNVAPGK,0.0,0.0,0.0,0.0,0.0
VTNNQFASFLASQVR,0.0,0.0,0.0,0.0,0.0
YDAELVLFKLWWCAVEFLLSMDNSR,0.0,0.0,0.0,0.0,0.0
YYLELNYWTEFDFDVVEWTAGYLENK,0.0,0.0,0.0,0.0,0.0
DGYDETEDQEYSLLLSLK,0.0,0.0,0.0,0.0,0.0
EEVHALYNSNTLNNDLMLLK,0.0,0.0,0.0,0.0,0.0
EPSEEDLDALEHMFR,0.0,0.0,0.0,0.0,0.0
FAYALDK,0.0,0.0,0.0,5855000.0,0.0
GYLDSKLR,0.0,0.0,0.0,26530000.0,0.0
KDVTVLDVFYK,0.0,0.0,0.0,0.0,0.0
LEGVGLALR,0.0,0.0,0.0,0.0,0.0
LPWVKNLEPLFQGYLDKVTR,0.0,0.0,0.0,0.0,0.0
QDLWLFFGEKTHFASFLDKVR,0.0,0.0,0.0,19201000.0,0.0
QVEDVLNTFHYK,0.0,0.0,0.0,38734000.0,0.0
RSRNYSFLYATRDNLEDQLVDLTVGPMK,0.0,0.0,0.0,16046000.0,0.0
SWNGNSSLLDSESGGGFGGGGFGNR,0.0,0.0,0.0,77941000.0,0.0
VQEDNLNVVEGNEQFLSASK,0.0,0.0,0.0,0.0,0.0
VSLGDVGLTEVFSDR,0.0,0.0,0.0,0.0,0.0
YGEELQLTQR,0.0,0.0,0.0,0.0,0.0
APLLSDSSAAYEEYVSWLK,0.0,0.0,0.0,0.0,0.0
EDALWNLLR,0.0,0.0,0.0,0.0,0.0
FEMEQQVR,0.0,0.0,0.0,987530.0,0.0
FSSQELLLR,0.0,0.0,0.0,8688100.0,0.0
NKLGGDLEEALGAGAAGKEDLAR,0.0,0.0,0.0,0.0,0.0
THNLEPYFESFLMPRLR,0.0,0.0,0.0,0.0,0.0
TSMQELSNR,0.0,0.0,0.0,2415600.0,0.0
VASTESLLLPR,0.0,0.0,0.0,13319000.0,0.0
VGDNYVSGELK,0.0,0.0,0.0,4001200.0,0.0
YLELLTR,0.0,0.0,0.0,752180.0,0.0
YLPLQYVLSR,0.0,0.0,0.0,0.0,0.0
AAPGVDLTAGLLNNMR,0.0,0.0,0.0,319940000.0,0.0
DPCPPGLEDETLAADELMALK,0.0,0.0,0.0,0.0,0.0
EVPDNLNVVEGNEQFLSASK,0.0,0.0,0.0,0.0,0.0
QLGLVGDEGSSNTNK,0.0,0.0,0.0,8291500.0,0.0
QPPNLEPYFESFLNNLR,0.0,0.0,0.0,0.0,0.0
SLGVHPSYDSNTLNNDLMLLK,0.0,0.0,0.0,23410000.0,0.0
SPLGVQSLNWQK,0.0,0.0,0.0,0.0,0.0
SSASSYPDVLK,0.0,0.0,0.0,5676500.0,0.0
TVGLSLGDMDGWGSLQALSGWGNTGK,0.0,0.0,0.0,129340000.0,0.0
TVVHTMDRSNTLNNDLMLLK,0.0,0.0,0.0,0.0,0.0
WALSLPTSLNAGTQWSLSGWGNTK,0.0,0.0,0.0,0.0,0.0
YPLEFESFLNNLR,0.0,0.0,0.0,0.0,0.0
QVFALMMSTPVK,0.0,0.0,0.0,0.0,0.0
QVLDVQTMEK,0.0,0.0,0.0,0.0,0.0
THNLEPYFNSSFLNNLR,0.0,0.0,0.0,0.0,0.0
VCNYVLCGLK,0.0,0.0,0.0,23573000.0,0.0
YNSPYYNTNDDLKDKLVDLTVGNNK,0.0,0.0,0.0,2782900.0,0.0
APLLSDEMESYYAGYLEGGK,0.0,0.0,0.0,0.0,0.0
LLSEVDGDGDGELSFQEFLTAAR,0.0,0.0,0.0,9379800.0,0.0
NEQTTYAAAVLFR,0.0,0.0,0.0,5199600.0,0.0
SGGGFSSGSAGLLNYQR,0.0,0.0,0.0,30518000.0,0.0
SSGTSYPDVLGK,0.0,0.0,0.0,0.0,0.0
TLYSLDNTR,0.0,0.0,0.0,2600500.0,0.0
TVLGMLDMFHK,0.0,0.0,0.0,58128000.0,0.0
VKSLNSGYHFDKKADMESFHYGSNTYK,0.0,0.0,0.0,2735200000.0,0.0
VMDSSYLSR,0.0,0.0,0.0,59174000.0,0.0
YTGAPLNAKCMFKYWMSDYFAGYLENK,0.0,0.0,0.0,0.0,0.0
ELELQSQLALK,0.0,0.0,0.0,14918000.0,0.0
ELNQMTLELQSQLSMK,0.0,0.0,0.0,18879000.0,0.0
EVQNFLK,0.0,0.0,0.0,8563000.0,0.0
GHLLELLLMWR,0.0,0.0,0.0,44003000.0,0.0
GNMDSVLTSNMDSHAGYLEGGK,0.0,0.0,0.0,78617000.0,0.0
MMLTKNLTNSNEPTFYK,0.0,0.0,0.0,8353100.0,0.0
TPELLQQVDSAMR,0.0,0.0,0.0,0.0,0.0
VDNYVSGELK,0.0,0.0,0.0,24346000.0,0.0
VPCACCVPCEGGK,0.0,0.0,0.0,893040000.0,0.0
HGLLELLTEVTR,0.0,0.0,0.0,13174000.0,0.0
LAGEDFR,0.0,0.0,0.0,0.0,0.0
LAYDAELSQMQTHLSDTSVVLSMDMPR,0.0,0.0,0.0,58105000.0,0.0
LSQLQPLNVELDPELQK,0.0,0.0,0.0,0.0,0.0
QVETLLNTFHQYSVK,0.0,0.0,0.0,0.0,0.0
SDNSEQLLAK,0.0,0.0,0.0,345130000.0,0.0
TQTLLFYGR,0.0,0.0,0.0,11050000.0,0.0
TVSLDSEAAMLGDDLLSGWGNTK,0.0,0.0,0.0,26670000.0,0.0
WNNNLNVVEWQQFLSASK,0.0,0.0,0.0,34796000.0,0.0
WSYALYNSDTVKNDLMLLKLK,0.0,0.0,0.0,20712000.0,0.0
DVLLLEELAAFNK,0.0,0.0,0.0,0.0,0.0
EPVHLAYNSNTLNNDLMLLK,0.0,0.0,0.0,96166000.0,0.0
FPEVLQGLLASDDFGK,0.0,0.0,0.0,0.0,0.0
LDVYLLGR,0.0,0.0,0.0,9183200.0,0.0
THYDTVLQVTHKSVTDTNVLLSMDNSR,0.0,0.0,0.0,0.0,0.0
YNTLEWRGWLVDLTVGNNK,0.0,0.0,0.0,38683000.0,0.0
YPFELESFLNNLR,0.0,0.0,0.0,991630.0,0.0
EVVLLEELAAFNK,0.0,0.0,0.0,7873300.0,0.0
KEDLDSLLAEVK,0.0,0.0,0.0,693770.0,0.0
QPVDADLNVAR,0.0,0.0,0.0,0.0,0.0
QSPNLEAFELGASQLSMK,0.0,0.0,0.0,0.0,0.0
TLLDVEQSR,0.0,0.0,0.0,95341000.0,0.0
VFAPFPEVFGK,0.0,0.0,0.0,0.0,0.0
VNQDALADEAQR,0.0,0.0,0.0,0.0,0.0
WELDNLSPEK,0.0,0.0,0.0,0.0,0.0
APLLMASSQDYGK,0.0,0.0,0.0,123970000.0,0.0
DSLENYSYETLQEERPVR,0.0,0.0,0.0,603520000.0,0.0
ELVAQQLELQSQLALK,0.0,0.0,0.0,24664000.0,0.0
EPPTQLTMEK,0.0,0.0,0.0,341680000.0,0.0
GPVDLTAAQLLNNMR,0.0,0.0,0.0,38879000.0,0.0
LFADEDDYRDKLVDLTVGPMK,0.0,0.0,0.0,33640000.0,0.0
THSLEDALYDAK,0.0,0.0,0.0,1994400.0,0.0
WLHYLANSNTLNNDLMLLELLK,0.0,0.0,0.0,0.0,0.0
FFYVWSLK,0.0,0.0,0.0,207150.0,0.0
GTYPGQLTSDMFGCAGYLEGGK,0.0,0.0,0.0,74795000.0,0.0
LFEQKNQVLATVEEGELLQQVDTSEK,0.0,0.0,0.0,0.0,0.0
QPEGMQAALDGSSAPR,0.0,0.0,0.0,4916500.0,0.0
VHNQELELELQSQLSK,0.0,0.0,0.0,0.0,0.0
WSVWTTLAMKNYVSWLK,0.0,0.0,0.0,0.0,0.0
APMSGEFNEK,0.0,0.0,0.0,85887000.0,0.0
ELWHFTPYEKMSSNLEAQLTDVR,0.0,0.0,0.0,0.0,0.0
GPVGLVSWGSCGAQK,0.0,0.0,0.0,271320000.0,0.0
TKYTTPYFNGSFLNNLR,0.0,0.0,0.0,5395900.0,0.0
TYGGAPLGTSRFYWWDAVMGEEAGYLENK,0.0,0.0,0.0,0.0,0.0
VTADLEEASFLDHVVR,0.0,0.0,0.0,35650000.0,0.0
WSVWTYVSWLK,0.0,0.0,0.0,36124000.0,0.0
EAPEADLDRVAR,0.0,0.0,0.0,54742000.0,0.0
EGVNDNEEGFFSAR,0.0,0.0,0.0,2377400.0,0.0
FETQMAESAK,0.0,0.0,0.0,51256000.0,0.0
LELDPQFQVVR,0.0,0.0,0.0,12393000.0,0.0
LPEDNLNVVEMAPEFLSASK,0.0,0.0,0.0,0.0,0.0
SGTSYPDVLK,0.0,0.0,0.0,1480800.0,0.0
TGLLSGLDLMEVNPSLGK,0.0,0.0,0.0,27739000.0,0.0
TSDYGLFQLSNR,0.0,0.0,0.0,31109000.0,0.0
TVDLDSLLAELK,0.0,0.0,0.0,0.0,0.0
TVSLEKR,0.0,0.0,0.0,10685000.0,0.0
WEYNHHETLQEELMALKGK,0.0,0.0,0.0,55701000.0,0.0
FASFLDVKR,0.0,0.0,0.0,17665000.0,0.0
HSKFAAQNYHSKYEELQVTVGR,0.0,0.0,0.0,4468300.0,0.0
LKYENELYVR,0.0,0.0,0.0,93220000.0,0.0
QGVDADLDLGR,0.0,0.0,0.0,2275900.0,0.0
LALDLELTLYR,0.0,0.0,0.0,22536000.0,0.0
LELTDVQR,0.0,0.0,0.0,0.0,0.0
QLGLVSWTHCSSK,0.0,0.0,0.0,69848000.0,0.0
TVDDSLLLAEVK,0.0,0.0,0.0,393380000.0,0.0
WENHLEDETLQEELMALK,0.0,0.0,0.0,20419000.0,0.0
KEDNQFASFLDK,0.0,0.0,0.0,0.0,0.0
TDLTELR,0.0,0.0,0.0,67745000.0,0.0
TRLSLPTSMMNMPDLLSGWGNTK,0.0,0.0,0.0,28294000.0,0.0
TVGLSLPTSYYHSHLLSGWGNTK,0.0,0.0,0.0,253990000.0,0.0
WRPTKDNSNTLNNDLMLLLGLK,0.0,0.0,0.0,47779000.0,0.0
YEQEMQYETLKEELPKAAR,0.0,0.0,0.0,0.0,0.0
DSLEMQYETLQENTLSASK,0.0,0.0,0.0,63134000.0,0.0
EVVLDQELEFLK,0.0,0.0,0.0,0.0,0.0
GYSGSGSNYGSGGNNHGSYGSGSSYGGSR,0.0,0.0,0.0,87110000.0,0.0
HPVKTTGELELQSQLSK,0.0,0.0,0.0,0.0,0.0
KLLSEVDGDDGGELSFQEFLTAAR,0.0,0.0,0.0,52729000.0,0.0
QSYEQLAEWLAR,0.0,0.0,0.0,0.0,0.0
RFMDKVQALEEANNDLENK,0.0,0.0,0.0,106260000.0,0.0
TVGLSLPDEEMFHHLLSGWGNTK,0.0,0.0,0.0,17873000.0,0.0
WYSLAYNYRTLNNDLLPVK,0.0,0.0,0.0,0.0,0.0
YTLLSSLPLHGAFNYK,0.0,0.0,0.0,4665700.0,0.0
LPSLSFSFNTQMFDLLSGWGNTK,0.0,0.0,0.0,2484600.0,0.0
LASYLDKVQALEEADNDLEGGK,0.0,0.0,0.0,5257100.0,0.0
LSAYLDKVQALEEANNDLENK,0.0,0.0,0.0,106260000.0,0.0
MKSLLLSYEQNQMGMSMMNKPGGGGGSFGAGGGFGSR,0.0,0.0,0.0,0.0,0.0
QSYEQLAEQRNK,0.0,0.0,0.0,151580000.0,0.0
TGMLDDFR,0.0,0.0,0.0,30435000.0,0.0
VPSLSLPTSMMGGDLGGNLSGWGNTK,0.0,0.0,0.0,32991000.0,0.0
VYNDDMEGLK,0.0,0.0,0.0,3545000.0,0.0
WDDLLNVVEEDSPFLSASK,0.0,0.0,0.0,0.0,0.0
WYSLAYNSYRLDNDLLPVK,0.0,0.0,0.0,778040000.0,0.0
WVQQAQSNLRYNDHNAHFHYGSNTYK,0.0,0.0,0.0,136720000.0,0.0
ATSDMEWGHEYQQLRGAGK,0.0,0.0,0.0,38224000.0,0.0
KARSPEDDLEEALAGASFDLPK,0.0,0.0,0.0,8998600.0,0.0
LGEDNMYEKEDPQFLSASK,0.0,0.0,0.0,70919000.0,0.0
LPSRRAPLEPLFQGYLDKVTR,0.0,0.0,0.0,2821600.0,0.0
TGMNYVSWLK,0.0,0.0,0.0,0.0,0.0
LEGEANQLESLTEELAVGNELK,0.0,0.0,0.0,0.0,0.0
LPSLSLPTYGADGSMTHLSGWGNTK,0.0,0.0,0.0,13108000.0,0.0
MRGTDGYDSLK,0.0,0.0,0.0,59553000.0,0.0
SDTLLMQLLR,0.0,0.0,0.0,665030.0,0.0
VTDLDSLLAEVGK,0.0,0.0,0.0,9987600.0,0.0
LPNWKVLEPLFQGYLDKVTR,0.0,0.0,0.0,663120000.0,0.0
SFWELLGEAAK,0.0,0.0,0.0,2860400.0,0.0
SNSSAYSPDVLK,0.0,0.0,0.0,1013500.0,0.0
TVDDLSLLAEVGK,0.0,0.0,0.0,0.0,0.0
LADLELLATYR,0.0,0.0,0.0,1711100000.0,0.0
LTELQGLLNDQLR,0.0,0.0,0.0,23969000.0,0.0
QLGLVSSGNDDAQK,0.0,0.0,0.0,8176500.0,0.0
WADMRWNLMTLNDDLVPLK,0.0,0.0,0.0,0.0,0.0
DSKLELSELNR,0.0,0.0,0.0,440780000.0,0.0
EASPDEETAVVSSLPLK,0.0,0.0,0.0,10099000.0,0.0
EGLLALFK,0.0,0.0,0.0,24591000.0,0.0
KLELSELNR,0.0,0.0,0.0,440780000.0,0.0
KNKFKCMKLELSELNR,0.0,0.0,0.0,440780000.0,0.0
LKYENEVLAR,0.0,0.0,0.0,2627400.0,0.0
LQGLVSSDDDHAQK,0.0,0.0,0.0,4123300.0,0.0
QGPEFGELFTK,0.0,0.0,0.0,503260.0,0.0
WLPVYTNAMKNYVSWLK,0.0,0.0,0.0,38110000.0,0.0
DGMDYVSGELK,0.0,0.0,0.0,219780000.0,0.0
FNTFAMQEHYWMFNTEYQQLLDLK,0.0,0.0,0.0,43958000.0,0.0
GSNTLGGNDLMLLGK,0.0,0.0,0.0,0.0,0.0
KNQLELTLTK,0.0,0.0,0.0,42845000.0,0.0
TVQLAAVVDLVR,0.0,0.0,0.0,0.0,0.0
ANDVELKLNVVEGNEQFLSASK,0.0,0.0,0.0,368690000.0,0.0
DAEEWFFTKTEENLR,0.0,0.0,0.0,22469000.0,0.0
VQDLDSLLAEVGK,0.0,0.0,0.0,0.0,0.0
TGVGRNSNKDSFEYQVWRDHYGSNTYK,0.0,0.0,0.0,14443000.0,0.0
APNYVWSLK,0.0,0.0,0.0,81637000.0,0.0
WVVMPTLDNERYLNWCFHYGSNTYK,0.0,0.0,0.0,29215000.0,0.0
EAGPVVLQLLDPELQK,0.0,0.0,0.0,0.0,0.0
APLLSDTMFVFDWWEQMFPDAGYLENK,0.0,0.0,0.0,102240000.0,0.0
LGSLSLQYMKMNDDLNSGWGNTK,0.0,0.0,0.0,3256700.0,0.0
LPNKWLEVNPLFAGGYLDSLK,0.0,0.0,0.0,12686000.0,0.0
NKGPVYTNKVGCNYVSWLK,0.0,0.0,0.0,288170000.0,0.0
NQVALKNEKLVNDALGKQSLEASLAETEGR,0.0,0.0,0.0,95605000.0,0.0
GPQLTYGTSNMFMQTLEGGK,0.0,0.0,0.0,71945000.0,0.0
LSAAREEAEEPAKEDLAR,0.0,0.0,0.0,0.0,0.0
TVGLSLPTSMLMYMYLSGWGNTGK,0.0,0.0,0.0,0.0,0.0
VAVGLEFK,0.0,0.0,0.0,13952000.0,0.0
VCASMVSWLK,0.0,0.0,0.0,736030000.0,0.0
LPALSDYMEESYAGYLEGGK,0.0,0.0,0.0,714390000.0,0.0
MFLVVTNYTNQDAMK,0.0,0.0,0.0,697280.0,0.0
QEYEQLLAK,0.0,0.0,0.0,145710000.0,0.0
ELVAPKFELQSQLALK,0.0,0.0,0.0,8592400.0,0.0
LSLDDSLLAEVK,0.0,0.0,0.0,154550.0,0.0
ALDLLELATYR,0.0,0.0,0.0,0.0,0.0
LPNWKVNLEPLFQGYLDKVTR,0.0,0.0,0.0,155040000.0,0.0
QSVEADLRNLGR,0.0,0.0,0.0,1521800.0,0.0
WVVQSNLSAAHFECPNTLDCSYK,0.0,0.0,0.0,499040000.0,0.0
WVVQSNSAAYEYENDPNVTPGK,0.0,0.0,0.0,179620000.0,0.0
NLSLHWDSPPQSNLMNSQWVVSAAHTMK,0.0,0.0,0.0,41659000.0,0.0
YDPFGNWGHWLMMMFWGGFGGFGGGAGGGDGGLLTAADGK,0.0,0.0,0.0,32622000.0,0.0
SATSSYVVNGQK,0.0,0.0,0.0,2001500000.0,0.0
WYSTVEESVSNTLNNDLLPVK,0.0,0.0,0.0,28069000.0,0.0
GDSQSDDQNQEYSLLLSLK,0.0,0.0,0.0,11384000.0,0.0
VPSLSLPTGYDQSMTHLSGWGNTK,0.0,0.0,0.0,56024000.0,0.0
YEELQLATGR,0.0,0.0,0.0,827190.0,0.0
NQAHDNQMSSFLDK,0.0,0.0,0.0,5949300.0,0.0
WWMYVGHLMTLNNDLVPLK,0.0,0.0,0.0,22232000.0,0.0
QAYEELQAR,0.0,0.0,0.0,52084000.0,0.0
VADNYVSEGLK,0.0,0.0,0.0,68343000.0,0.0
AEGDVSEMDSAEYSLLLSLK,0.0,0.0,0.0,64455000.0,0.0
ETTRLVVTNFDGYNLDAQNK,0.0,0.0,0.0,82917000.0,0.0
MHGLEDARGLGGK,0.0,0.0,0.0,9328600.0,0.0
VNELDPELQK,0.0,0.0,0.0,56772000.0,0.0
EAGPQETDDPAEYSLLLSLK,0.0,0.0,0.0,0.0,0.0
EMNYVSWLK,0.0,0.0,0.0,153100000.0,0.0
MTLYDFLELALEEFNK,0.0,0.0,0.0,12836000.0,0.0
QMNYVSWLK,0.0,0.0,0.0,0.0,0.0
TGYEHETSNEFHSAGYLEGGK,0.0,0.0,0.0,438990000.0,0.0
TVDLPAELAEVK,0.0,0.0,0.0,12655000.0,0.0
TVLEGEGSSNNR,0.0,0.0,0.0,2200400.0,0.0
ASSRNATNSELKNMQDMVEDYR,0.0,0.0,0.0,516640000.0,0.0
SSYYSDNVLK,0.0,0.0,0.0,6623900.0,0.0
APLGDHDDDR,0.0,0.0,0.0,1148300000.0,0.0
VDDQYMTK,0.0,0.0,0.0,252500000.0,0.0
LALDLELTYAR,0.0,0.0,0.0,785970.0,0.0
KLALDVELATYR,0.0,0.0,0.0,722190000.0,0.0
LFQLWTELMNTKLALDLELATYR,0.0,0.0,0.0,10373000.0,0.0
TLLDLDTNR,0.0,0.0,0.0,34791000.0,0.0
DLLAELALFYKLALDLELATYR,0.0,0.0,0.0,10373000.0,0.0
WYSFNYFVPTLNNDLLPVK,0.0,0.0,0.0,0.0,0.0
VHEDVPAFQALGSLNDLQFFR,0.0,0.0,0.0,17750000.0,0.0
VENLVLLLK,0.0,0.0,0.0,11092000.0,0.0
EAPEADLNGLR,0.0,0.0,0.0,54927000.0,0.0
KVSLNSGYHFWWAMSRSFHYGSNTYK,0.0,0.0,0.0,0.0,0.0
LDELQFMNNDLMLLHAPLK,0.0,0.0,0.0,79461000.0,0.0
YNTLDDLKDQLVDLTVGNNK,0.0,0.0,0.0,1221100000.0,0.0
EYNMMSWLK,0.0,0.0,0.0,3052200000.0,0.0
WRMFYDSRTLNNDLMLLK,0.0,0.0,0.0,0.0,0.0
QANNTYPEFGDK,0.0,0.0,0.0,69580000.0,0.0
VTDLDSLLAEVK,0.0,0.0,0.0,27200000000.0,0.0
VWVMPTLNNENRWQHDFHYGSNTYK,0.0,0.0,0.0,2706600000.0,0.0
FYTLELLVEK,0.0,0.0,0.0,29718000.0,0.0
LEGEMQLESLTEELAYLKK,0.0,0.0,0.0,2096500000.0,0.0
QAYEDLAQK,0.0,0.0,0.0,163290000.0,0.0
SSGTSYPDVLKAHDWNWKLHR,0.0,0.0,0.0,3193200000.0,0.0
LETTELDNNLEQLSSYKSELETLR,0.0,0.0,0.0,865620000.0,0.0
SKVDLLNQELEFLK,0.0,0.0,0.0,993680000.0,0.0
SSGTSYPDVLKNCLK,0.0,0.0,0.0,3193200000.0,0.0
TVGLSLPTSMMNNNDLLSGWGNTK,0.0,0.0,0.0,14486000000.0,0.0
VDDAAFFLEVELEAKVDALMDELNFMK,0.0,0.0,0.0,108830000.0,0.0
Grand Total,1551440.0,1755000.0,0.0,156191000000.0,0.0
(blank),,,,,
